time	force
0.000000000000000e+00	2.938201129400000e-01
3.361101495100000e-03	2.938201129400000e-01
6.722202990200000e-03	2.938201129400000e-01
1.008330471800000e-02	2.938201129400000e-01
1.344440598000000e-02	2.938201129400000e-01
1.680550724300000e-02	2.938201129400000e-01
2.016660943600000e-02	2.938201129400000e-01
2.352770976700000e-02	2.938201129400000e-01
2.688881196100000e-02	2.938201129400000e-01
3.024991415400000e-02	2.938201129400000e-01
3.361101448500000e-02	2.938201129400000e-01
3.697211667900000e-02	2.938201129400000e-01
4.033321887300000e-02	2.938201129400000e-01
4.369432106600000e-02	2.938201129400000e-01
4.705541953400000e-02	2.938201129400000e-01
5.041652172800000e-02	2.938201129400000e-01
5.377762392200000e-02	2.938201129400000e-01
5.713872611500000e-02	2.938201129400000e-01
6.049982830900000e-02	2.938201129400000e-01
6.386093050199999e-02	2.938201129400000e-01
6.722202897100001e-02	2.938201129400000e-01
7.058312743900000e-02	2.938201129400000e-01
7.394423335800000e-02	2.938201129400000e-01
7.730533182600000e-02	2.938201129400000e-01
8.066643774500000e-02	2.938201129400000e-01
8.402753621300001e-02	2.938201129400000e-01
8.738864213200000e-02	2.938201129400000e-01
9.074974060100000e-02	2.938201129400000e-01
9.411083906900000e-02	2.941004931900000e-01
9.747194498800001e-02	3.014215230900000e-01
1.008330434600000e-01	3.503348231300000e-01
1.041941493700000e-01	5.036697983700000e-01
1.075552478400000e-01	7.732306718800001e-01
1.109163537600000e-01	1.093680739400000e+00
1.142774522300000e-01	1.415964841800000e+00
1.176385507000000e-01	1.724967002900000e+00
1.209996566200000e-01	2.017234563800000e+00
1.243607550900000e-01	2.292871475200000e+00
1.277218610000000e-01	2.552999258000000e+00
1.310829520200000e-01	2.798946857500000e+00
1.344440579400000e-01	3.031993389100000e+00
1.378051638600000e-01	3.253292322200000e+00
1.411662548800000e-01	3.463860750200000e+00
1.445273608000000e-01	3.664590120300000e+00
1.478884667200000e-01	3.856261253400000e+00
1.512495726300000e-01	4.039559841200000e+00
1.546106636500000e-01	4.214238166800000e+00
1.579717695700000e-01	4.377893924700000e+00
1.613328754900000e-01	4.531603336300000e+00
1.646939665100000e-01	4.676547050500000e+00
1.680550724300000e-01	4.813691139200000e+00
1.714161783500000e-01	4.943838596300000e+00
1.747772842600000e-01	5.067665576900000e+00
1.781383752800000e-01	5.185747146600000e+00
1.814994812000000e-01	5.298579216000000e+00
1.848605871200000e-01	5.406590461700000e+00
1.882216781400000e-01	5.510155677800000e+00
1.915827840600000e-01	5.609606266000000e+00
1.949438899800000e-01	5.705233573900000e+00
1.983049958900000e-01	5.797298431400000e+00
2.016660869100000e-01	5.886034011800000e+00
2.050271928300000e-01	5.971650123600000e+00
2.083882987500000e-01	6.054336071000000e+00
2.117493897700000e-01	6.134263515500000e+00
2.151104956900000e-01	6.211588859600000e+00
2.184716016100000e-01	6.286454677600000e+00
2.218327075200000e-01	6.358992099800000e+00
2.251937985400000e-01	6.429320812200000e+00
2.285549044600000e-01	6.497552394900000e+00
2.319160103800000e-01	6.563787937200000e+00
2.352771014000000e-01	6.628122806500000e+00
2.386382073200000e-01	6.690645217900000e+00
2.419993132400000e-01	6.751435756700000e+00
2.453604191500000e-01	6.810571670500000e+00
2.487215101700000e-01	6.868123531300000e+00
2.520826160900000e-01	6.924158096300000e+00
2.554437220100000e-01	6.978737354300000e+00
2.588047981300000e-01	7.031919956200000e+00
2.621659040500000e-01	7.083761215200000e+00
2.655270099600000e-01	7.134312152900000e+00
2.688881158800000e-01	7.183621883400000e+00
2.722492218000000e-01	7.231736183200000e+00
2.756103277200000e-01	7.278698921200000e+00
2.789714336400000e-01	7.324551105500000e+00
2.823325097600000e-01	7.369331359900000e+00
2.856936156700000e-01	7.413077354400000e+00
2.890547215900000e-01	7.455823421500000e+00
2.924158275100000e-01	7.497603416400000e+00
2.957769334300000e-01	7.538448333700000e+00
2.991380393500000e-01	7.578389167800000e+00
3.024991452700000e-01	7.617454528800000e+00
3.058602213900000e-01	7.655671596500000e+00
3.092213273000000e-01	7.693066597000000e+00
3.125824332200000e-01	7.729664325700000e+00
3.159435391400000e-01	7.765489578200000e+00
3.193046450600000e-01	7.800564289100000e+00
3.226657509800000e-01	7.834910392800000e+00
3.260268569000000e-01	7.868549823800000e+00
3.293879330200000e-01	7.901502132400000e+00
3.327490389300000e-01	7.933786392200000e+00
3.361101448500000e-01	7.965421199800000e+00
3.394712507700000e-01	7.996424675000000e+00
3.428323566900000e-01	8.026813507100000e+00
3.461934626100000e-01	8.056605339100001e+00
3.495545685300000e-01	8.085814475999999e+00
3.529156446500000e-01	8.114456176799999e+00
3.562767505600000e-01	8.142546653700000e+00
3.596378564800000e-01	8.170099258400001e+00
3.629989624000000e-01	8.197127342200000e+00
3.663600683200000e-01	8.223644256600000e+00
3.697211742400000e-01	8.249663353000001e+00
3.730822801600000e-01	8.275196075400000e+00
3.764433562800000e-01	8.300253868100000e+00
3.798044621900000e-01	8.324850082399999e+00
3.831655681100000e-01	8.348993301400000e+00
3.865266740300000e-01	8.372696876499999e+00
3.898877799500000e-01	8.395968437200001e+00
3.932488858700000e-01	8.418820381200000e+00
3.966099917900000e-01	8.441261291500000e+00
3.999710679100000e-01	8.463300705000000e+00
4.033321738200000e-01	8.484947204599999e+00
4.066932797400000e-01	8.506210327100000e+00
4.100543856600000e-01	8.527098655700000e+00
4.134154915800000e-01	8.547620773300000e+00
4.167765975000000e-01	8.567784309400000e+00
4.201377034200000e-01	8.587596893300001e+00
4.234987795400000e-01	8.607066154500000e+00
4.268598854500000e-01	8.626200676000000e+00
4.302209913700000e-01	8.645005226100000e+00
4.335820972900000e-01	8.663489341700000e+00
4.369432032100000e-01	8.681657791099999e+00
4.403043091300000e-01	8.699519157399999e+00
4.436654150500000e-01	8.717078208900000e+00
4.470264911700000e-01	8.734340667700000e+00
4.503875970800000e-01	8.751315116900001e+00
4.537487030000000e-01	8.768005371099999e+00
4.571098089200000e-01	8.784417152400000e+00
4.604709148400000e-01	8.800557136500000e+00
4.638320207600000e-01	8.816430091899999e+00
4.671931266800000e-01	8.832041740399999e+00
4.705542028000000e-01	8.847396850599999e+00
4.739153087100000e-01	8.862501144399999e+00
4.772764146300000e-01	8.877358436600000e+00
4.806375205500000e-01	8.891974449199999e+00
4.839986264700000e-01	8.906353950500000e+00
4.873597323900000e-01	8.920499801600000e+00
4.907208383100000e-01	8.934418678300000e+00
4.940819144200000e-01	8.948113441500000e+00
4.974430203400000e-01	8.961588859600001e+00
5.008041262600000e-01	8.974849700900000e+00
5.041652321800000e-01	8.987898826600000e+00
5.075263381000000e-01	9.000740051299999e+00
5.108874440200000e-01	9.013378143300001e+00
5.142485499400000e-01	9.025816917400000e+00
5.176095962500000e-01	9.038060188299999e+00
5.209707021700000e-01	9.050109863299999e+00
5.243318080900000e-01	9.061971664400000e+00
5.276929140100000e-01	9.073646545400001e+00
5.310540199300000e-01	9.085140228300000e+00
5.344151258500000e-01	9.096455574000000e+00
5.377762317700000e-01	9.107594490100000e+00
5.411373376800001e-01	9.118560791000000e+00
5.444984436000000e-01	9.129357338000000e+00
5.478595495200000e-01	9.139987945600000e+00
5.512206554400000e-01	9.150454521200000e+00
5.545817613600000e-01	9.160760879500000e+00
5.579428672800000e-01	9.170908927899999e+00
5.613039732000000e-01	9.180901527400000e+00
5.646650195100000e-01	9.190742492700000e+00
5.680261254300000e-01	9.200432777400000e+00
5.713872313500000e-01	9.209976196300000e+00
5.747483372700000e-01	9.219374656699999e+00
5.781094431900000e-01	9.228631019600000e+00
5.814705491100000e-01	9.237747192400001e+00
5.848316550300000e-01	9.246726989700001e+00
5.881927609399999e-01	9.255570411700001e+00
5.915538668600000e-01	9.264281272900000e+00
5.949149727800001e-01	9.272861480700000e+00
5.982760787000000e-01	9.281313896200000e+00
6.016371846200000e-01	9.289639472999999e+00
6.049982905400000e-01	9.297840118400000e+00
6.083593964600000e-01	9.305919647200000e+00
6.117204427700000e-01	9.313878059400000e+00
6.150815486900000e-01	9.321719169600000e+00
6.184426546100000e-01	9.329443931600000e+00
6.218037605300000e-01	9.337054252600000e+00
6.251648664500000e-01	9.344551086399999e+00
6.285259723700000e-01	9.351938247700000e+00
6.318870782900000e-01	9.359216690100000e+00
6.352481842000000e-01	9.366388320900001e+00
6.386092901200000e-01	9.373454093900000e+00
6.419703960399999e-01	9.380415916400000e+00
6.453315019600000e-01	9.387276649500000e+00
6.486926078800000e-01	9.394036292999999e+00
6.520537138000000e-01	9.400696754500000e+00
6.554148197200000e-01	9.407260894800000e+00
6.587758660300000e-01	9.413729667700000e+00
6.621369719500000e-01	9.420103073100000e+00
6.654980778700000e-01	9.426384925800001e+00
6.688591837900000e-01	9.432575225800001e+00
6.722202897100000e-01	9.438675880400000e+00
6.755813956300000e-01	9.444687843300001e+00
6.789425015400000e-01	9.450613021900001e+00
6.823036074600000e-01	9.456453323400000e+00
6.856647133800000e-01	9.462208747900000e+00
6.890258193000000e-01	9.467881202699999e+00
6.923869252200000e-01	9.473472595200001e+00
6.957480311399999e-01	9.478982925400000e+00
6.991091370600000e-01	9.484414100600000e+00
7.024701833700000e-01	9.489768028300000e+00
7.058312892900001e-01	9.495044708300000e+00
7.091923952100000e-01	9.500245094300000e+00
7.125535011300000e-01	9.505372047400000e+00
7.159146070500000e-01	9.510425567600000e+00
7.192757129700000e-01	9.515407562300000e+00
7.226368188900000e-01	9.520318031300000e+00
7.259979248000000e-01	9.525158882100000e+00
7.293590307200000e-01	9.529930114700001e+00
7.327201366400000e-01	9.534633636500001e+00
7.360812425600000e-01	9.539270401000000e+00
7.394423484800000e-01	9.543842315699999e+00
7.428034544000000e-01	9.548348426800001e+00
7.461645603200000e-01	9.552790641800000e+00
7.495256066300000e-01	9.557170867900000e+00
7.528867125499999e-01	9.561488151600001e+00
7.562478184700000e-01	9.565745353700001e+00
7.596089243900001e-01	9.569941520700000e+00
7.629700303100000e-01	9.574079513499999e+00
7.663311362300000e-01	9.578158378600000e+00
7.696922421500000e-01	9.582180023199999e+00
7.730533480600000e-01	9.586145401000000e+00
7.764144539800000e-01	9.590054512000000e+00
7.797755599000000e-01	9.593909263600001e+00
7.831366658200000e-01	9.597709655799999e+00
7.864977717400000e-01	9.601456642200001e+00
7.898588776600000e-01	9.605151176500000e+00
7.932199835800000e-01	9.608794212299999e+00
7.965810298900000e-01	9.612385749800000e+00
7.999421358100000e-01	9.615927696200000e+00
8.033032417300000e-01	9.619419097900000e+00
8.066643476499999e-01	9.622862815900000e+00
8.100254535700000e-01	9.626257896400000e+00
8.133865594900000e-01	9.629606246900000e+00
8.167476654100000e-01	9.632906913799999e+00
8.201087713200000e-01	9.636162757899999e+00
8.234698772400000e-01	9.639371871900000e+00
8.268309831600000e-01	9.642538070700001e+00
8.301920890800000e-01	9.645658493000001e+00
8.335531950000000e-01	9.648736953700000e+00
8.369143009200000e-01	9.651771545400001e+00
8.402754068400000e-01	9.654765129099999e+00
8.436364531500000e-01	9.657716751100001e+00
8.469975590700000e-01	9.660627365100000e+00
8.503586649900000e-01	9.663496971100001e+00
8.537197709100000e-01	9.666327476499999e+00
8.570808768300000e-01	9.669118881199999e+00
8.604419827499999e-01	9.671872139000000e+00
8.638030886700000e-01	9.674587249800000e+00
8.671641945800000e-01	9.677264213600001e+00
8.705253005000000e-01	9.679903984099999e+00
8.738864064200000e-01	9.682508468600000e+00
8.772475123400000e-01	9.685075759900000e+00
8.806086182600000e-01	9.687608718900000e+00
8.839697241800000e-01	9.690106391900001e+00
8.873308301000000e-01	9.692568779000000e+00
8.906918764100000e-01	9.694998741099999e+00
8.940529823300000e-01	9.697394371000000e+00
8.974140882500000e-01	9.699757576000000e+00
9.007751941700000e-01	9.702087402300000e+00
9.041363000900000e-01	9.704385757400001e+00
9.074974060100000e-01	9.706652641300000e+00
9.108585119200000e-01	9.708888053900001e+00
9.142196178400001e-01	9.711092948899999e+00
9.175807237600000e-01	9.713268279999999e+00
9.209418296800000e-01	9.715413093600000e+00
9.243029356000000e-01	9.717528343200000e+00
9.276640415200000e-01	9.719614982600000e+00
9.310251474400000e-01	9.721673011800000e+00
9.343862533600000e-01	9.723702430700000e+00
9.377472996700000e-01	9.725705146799999e+00
9.411084055900000e-01	9.727679252600000e+00
9.444695115100000e-01	9.729627609300000e+00
9.478306174300000e-01	9.731548309300001e+00
9.511917233500000e-01	9.733443260200000e+00
9.545528292700000e-01	9.735311508200001e+00
9.579139351800000e-01	9.737154960600000e+00
9.612750410999999e-01	9.738973617599999e+00
9.646361470200000e-01	9.740766525300000e+00
9.679972529400001e-01	9.742535591099999e+00
9.713583588600000e-01	9.744280815100000e+00
9.747194647800000e-01	9.746001243600000e+00
9.780805707000000e-01	9.747699737500000e+00
9.814416766200000e-01	9.749373436000001e+00
9.848027229300000e-01	9.751025199900001e+00
9.881638288500000e-01	9.752655029300000e+00
9.915249347700000e-01	9.754261970500000e+00
9.948860406900000e-01	9.755846977199999e+00
9.982471466100000e-01	9.757410049400001e+00
1.001608252500000e+00	9.758953094500001e+00
1.004969358400000e+00	9.760474205000000e+00
1.008330464400000e+00	9.761975288400000e+00
1.011691570300000e+00	9.763455390900001e+00
1.015052676200000e+00	9.764915466300000e+00
1.018413782100000e+00	9.766355514500001e+00
1.021774888000000e+00	9.767776489299999e+00
1.025135994000000e+00	9.769178390500000e+00
1.028497099900000e+00	9.770561218299999e+00
1.031858086600000e+00	9.771924972500001e+00
1.035219192500000e+00	9.773270607000001e+00
1.038580298400000e+00	9.774597168000000e+00
1.041941404300000e+00	9.775906562799999e+00
1.045302510300000e+00	9.777197837799999e+00
1.048663616200000e+00	9.778471946700000e+00
1.052024722100000e+00	9.779728889499999e+00
1.055385828000000e+00	9.780967712400001e+00
1.058746933900000e+00	9.782191276600001e+00
1.062108039900000e+00	9.783397674600000e+00
1.065469145800000e+00	9.784586906400000e+00
1.068830251700000e+00	9.785760879500000e+00
1.072191357600000e+00	9.786919593800000e+00
1.075552463500000e+00	9.788062095600001e+00
1.078913569500000e+00	9.789188384999999e+00
1.082274675400000e+00	9.790300369300001e+00
1.085635781300000e+00	9.791397094700001e+00
1.088996887200000e+00	9.792478561399999e+00
1.092357993100000e+00	9.793530464200000e+00
1.095719099000000e+00	9.794518470800000e+00
1.099080205000000e+00	9.795410156200001e+00
1.102441310900000e+00	9.796154022200000e+00
1.105802416800000e+00	9.796669006300000e+00
1.109163522700000e+00	9.796916008000000e+00
1.112524628600000e+00	9.796832084700000e+00
1.115885734600000e+00	9.796566963200000e+00
1.119246840500000e+00	9.796048164400000e+00
1.122607946400000e+00	9.795189857500000e+00
1.125968933100000e+00	9.793892860400000e+00
1.129330039000000e+00	9.792033195500000e+00
1.132691144900000e+00	9.789440154999999e+00
1.136052250900000e+00	9.785889625499999e+00
1.139413356800000e+00	9.781067848199999e+00
1.142774462700000e+00	9.774535179100001e+00
1.146135568600000e+00	9.765646934499999e+00
1.149496674500000e+00	9.753408432000001e+00
1.152857780500000e+00	9.736172676100001e+00
1.156218886400000e+00	9.710922241200000e+00
1.159579992300000e+00	9.671235084499999e+00
1.162941098200000e+00	9.599974632300000e+00
1.166302204100000e+00	9.434843063400001e+00
1.169663310100000e+00	8.990383148199999e+00
1.173024416000000e+00	8.279505729700000e+00
1.176385521900000e+00	7.506120204900000e+00
1.179746627800000e+00	6.729264736200000e+00
1.183107733700000e+00	5.966936588300000e+00
1.186468839600000e+00	5.233763217900000e+00
1.189829945600000e+00	4.542764663700000e+00
1.193191051500000e+00	3.904295444500000e+00
1.196552157400000e+00	3.326448440600000e+00
1.199913263300000e+00	2.816653251600000e+00
1.203274369200000e+00	2.374588012700000e+00
1.206635475200000e+00	1.996825575800000e+00
1.209996581100000e+00	1.678160667400000e+00
1.213357687000000e+00	1.412551522300000e+00
1.216718792900000e+00	1.193029880500000e+00
1.220079779600000e+00	1.013839006400000e+00
1.223440885500000e+00	8.662816882100000e-01
1.226801991500000e+00	7.497293353100000e-01
1.230163097400000e+00	6.263933777800000e-01
1.233524203300000e+00	5.804222822200000e-01
1.236885309200000e+00	4.959718585000000e-01
1.240246415100000e+00	4.734553396700000e-01
1.243607521100000e+00	4.276475012300000e-01
1.246968627000000e+00	4.054552614700000e-01
1.250329732900000e+00	3.624213933900000e-01
1.253690838800000e+00	3.610450029400000e-01
1.257051944700000e+00	3.488325774700000e-01
1.260413050700000e+00	3.257815539800000e-01
1.263774156600000e+00	3.254311382800000e-01
1.267135262500000e+00	3.211652040500000e-01
1.270496368400000e+00	3.122032582800000e-01
1.273857474300000e+00	3.109827041600000e-01
1.277218580200000e+00	3.074710369100000e-01
1.280579686200000e+00	3.045746982100000e-01
1.283940792100000e+00	3.024741411200000e-01
1.287301898000000e+00	2.999583780800000e-01
1.290663003900000e+00	2.993554472900000e-01
1.294024109800000e+00	2.980696857000000e-01
1.297385215800000e+00	2.974138259900000e-01
1.300746321700000e+00	2.963184714300000e-01
1.304107427600000e+00	2.961579859300000e-01
1.307468533500000e+00	2.957647442800000e-01
1.310829639400000e+00	2.953829467300000e-01
1.314190626100000e+00	2.951611280400000e-01
1.317551732100000e+00	2.949167788000000e-01
1.320912838000000e+00	2.947688996800000e-01
1.324273943900000e+00	2.946260273500000e-01
1.327635049800000e+00	2.945174276800000e-01
1.330996155700000e+00	2.944277524900000e-01
1.334357261700000e+00	2.943542897700000e-01
1.337718367600000e+00	2.942935228300000e-01
1.341079473500000e+00	2.942427992800000e-01
1.344440579400000e+00	2.942000627500000e-01
1.347801685300000e+00	2.941637337200000e-01
1.351162791300000e+00	2.941325604900000e-01
1.354523897200000e+00	2.941055893900000e-01
1.357885003100000e+00	2.940820753600000e-01
1.361246109000000e+00	2.940613925500000e-01
1.364607214900000e+00	2.940430939200000e-01
1.367968320800000e+00	2.940268218500000e-01
1.371329426800000e+00	2.940122187100000e-01
1.374690532700000e+00	2.939991056900000e-01
1.378051638600000e+00	2.939872443700000e-01
1.381412744500000e+00	2.939764559300000e-01
1.384773850400000e+00	2.939666211600000e-01
1.388134956400000e+00	2.939576208600000e-01
1.391496062300000e+00	2.939493656200000e-01
1.394857168200000e+00	2.939417660200000e-01
1.398218274100000e+00	2.939347326800000e-01
1.401579380000000e+00	2.939282357700000e-01
1.404940366700000e+00	2.939222157000000e-01
1.408301472700000e+00	2.939166128600000e-01
1.411662578600000e+00	2.939113974600000e-01
1.415023684500000e+00	2.939065098800000e-01
1.418384790400000e+00	2.939019799200000e-01
1.421745896300000e+00	2.938977181900000e-01
1.425107002300000e+00	2.938937246800000e-01
1.428468108200000e+00	2.938899695900000e-01
1.431829214100000e+00	2.938864529100000e-01
1.435190320000000e+00	2.938831150500000e-01
1.438551425900000e+00	2.938800156100000e-01
1.441912531900000e+00	2.938770651800000e-01
1.445273637800000e+00	2.938742935700000e-01
1.448634743700000e+00	2.938716709600000e-01
1.451995849600000e+00	2.938691675700000e-01
1.455356955500000e+00	2.938668429900000e-01
1.458718061400000e+00	2.938646078100000e-01
1.462079167400000e+00	2.938625216500000e-01
1.465440273300000e+00	2.938605248900000e-01
1.468801379200000e+00	2.938586473500000e-01
1.472162485100000e+00	2.938568592100000e-01
1.475523591000000e+00	2.938551306700000e-01
1.478884697000000e+00	2.938535213500000e-01
1.482245802900000e+00	2.938520014300000e-01
1.485606908800000e+00	2.938505411100000e-01
1.488968014700000e+00	2.938491404100000e-01
1.492329120600000e+00	2.938478291000000e-01
1.495690226600000e+00	2.938465774100000e-01
1.499051213300000e+00	2.938453853100000e-01
1.502412319200000e+00	2.938453853100000e-01
