time	force
0.000000000000000e+00	1.547113299400000e+00
1.856036833500000e-03	1.547113299400000e+00
3.712073667000000e-03	1.547113299400000e+00
5.568110384000000e-03	1.547113299400000e+00
7.424147333900000e-03	1.547113299400000e+00
9.280184283899999e-03	1.547113299400000e+00
1.113622076800000e-02	1.547113299400000e+00
1.299225818400000e-02	1.547113299400000e+00
1.484829466800000e-02	1.547113299400000e+00
1.670433208300000e-02	1.547113299400000e+00
1.856036856800000e-02	1.547113299400000e+00
2.041640505200000e-02	1.547113299400000e+00
2.227244153600000e-02	1.547113299400000e+00
2.412847988300000e-02	1.547113299400000e+00
2.598451636700000e-02	1.547113299400000e+00
2.784055285200000e-02	1.547113299400000e+00
2.969658933600000e-02	1.547113299400000e+00
3.155262768300000e-02	1.547113299400000e+00
3.340866416700000e-02	1.547113299400000e+00
3.526470065100000e-02	1.547113299400000e+00
3.712073713500000e-02	1.547113299400000e+00
3.897677362000000e-02	1.547113299400000e+00
4.083281010400000e-02	1.547113299400000e+00
4.268884658800000e-02	1.547113299400000e+00
4.454488307200000e-02	1.547113299400000e+00
4.640092328200000e-02	1.547113299400000e+00
4.825695976600000e-02	1.547113299400000e+00
5.011299625000000e-02	1.547113299400000e+00
5.196903273500000e-02	1.547113299400000e+00
5.382506921900000e-02	1.547113299400000e+00
5.568110570300000e-02	1.547113299400000e+00
5.753714218700000e-02	1.547113299400000e+00
5.939317867200000e-02	1.547113299400000e+00
6.124921888100000e-02	1.547113299400000e+00
6.310525536500000e-02	1.547113299400000e+00
6.496129185000001e-02	1.547113299400000e+00
6.681732833400000e-02	1.547113299400000e+00
6.867336481800000e-02	1.547113299400000e+00
7.052940130200000e-02	1.547113299400000e+00
7.238543778700000e-02	1.547113299400000e+00
7.424147427100000e-02	1.547113299400000e+00
7.609751075500000e-02	1.547113299400000e+00
7.795354723900000e-02	1.547113299400000e+00
7.980958372400000e-02	1.547113299400000e+00
8.166562020800000e-02	1.547113299400000e+00
8.352165669200000e-02	1.547113299400000e+00
8.537769317600000e-02	1.547113299400000e+00
8.723372966100000e-02	1.547113299400000e+00
8.908976614500000e-02	1.547113299400000e+00
9.094581007999999e-02	1.547276973700000e+00
9.280184656400001e-02	1.555679440500000e+00
9.465788304800000e-02	1.578256487800000e+00
9.651391953200000e-02	1.617575883900000e+00
9.836995601699999e-02	1.673742771100000e+00
1.002259925000000e-01	1.746108293500000e+00
1.020820289900000e-01	1.834275007200000e+00
1.039380654700000e-01	1.938336372400000e+00
1.057941019500000e-01	2.058805942500000e+00
1.076501384400000e-01	2.193140745200000e+00
1.095061749200000e-01	2.339462995500000e+00
1.113622114100000e-01	2.496586322800000e+00
1.132182478900000e-01	2.663674354600000e+00
1.150742843700000e-01	2.840085029600000e+00
1.169303208600000e-01	3.025282859800000e+00
1.187863573400000e-01	3.218790054300000e+00
1.206424012800000e-01	3.420155525200000e+00
1.224984377600000e-01	3.628937244400000e+00
1.243544742500000e-01	3.844688653900000e+00
1.262105107300000e-01	4.066950798000000e+00
1.280665397600000e-01	4.295246601100000e+00
1.299225837000000e-01	4.529074192000000e+00
1.317786127300000e-01	4.767903327900000e+00
1.336346566700000e-01	5.011165618900000e+00
1.354906857000000e-01	5.258223533600000e+00
1.373467296400000e-01	5.508359432200000e+00
1.392027586700000e-01	5.760931491900000e+00
1.410588026000000e-01	6.015357494400000e+00
1.429148316400000e-01	6.271104812600000e+00
1.447708755700000e-01	6.527688503300000e+00
1.466269046100000e-01	6.784666538200000e+00
1.484829485400000e-01	7.041639804800000e+00
1.503389924800000e-01	7.298247814200000e+00
1.521950215100000e-01	7.554165840100000e+00
1.540510654400000e-01	7.809103488900000e+00
1.559070944800000e-01	8.062800407399999e+00
1.577631384100000e-01	8.315025329599999e+00
1.596191674500000e-01	8.565573692299999e+00
1.614752113800000e-01	8.814263343800000e+00
1.633312404200000e-01	9.060935974100000e+00
1.651872843500000e-01	9.305450439500000e+00
1.670433133800000e-01	9.547687530499999e+00
1.688993573200000e-01	9.787541389499999e+00
1.707553863500000e-01	1.002492237100000e+01
1.726114302900000e-01	1.025975513500000e+01
1.744674593200000e-01	1.049197483100000e+01
1.763235032600000e-01	1.072152996100000e+01
1.781795322900000e-01	1.094837665600000e+01
1.800355762200000e-01	1.117248249100000e+01
1.818916201600000e-01	1.139382171600000e+01
1.837476491900000e-01	1.161237621300000e+01
1.856036931300000e-01	1.182813358300000e+01
1.874597221600000e-01	1.204108810400000e+01
1.893157661000000e-01	1.225124073000000e+01
1.911717951300000e-01	1.245859336900000e+01
1.930278390600000e-01	1.266315555600000e+01
1.948838681000000e-01	1.286493873600000e+01
1.967399120300000e-01	1.306395912200000e+01
1.985959410700000e-01	1.326023292500000e+01
2.004519850000000e-01	1.345378208200000e+01
2.023080140400000e-01	1.364462852500000e+01
2.041640579700000e-01	1.383279705000000e+01
2.060200870000000e-01	1.401831436200000e+01
2.078761309400000e-01	1.420120716100000e+01
2.097321748700000e-01	1.438150501300000e+01
2.115882039100000e-01	1.455923843400000e+01
2.134442478400000e-01	1.473443698900000e+01
2.153002768800000e-01	1.490713405600000e+01
2.171563208100000e-01	1.507735920000000e+01
2.190123498400000e-01	1.524514675100000e+01
2.208683937800000e-01	1.541052913700000e+01
2.227244228100000e-01	1.557353878000000e+01
2.245804667500000e-01	1.573421001400000e+01
2.264364957800000e-01	1.589257526400000e+01
2.282925397200000e-01	1.604866790800000e+01
2.301485687500000e-01	1.620252037000000e+01
2.320046126800000e-01	1.635416793800000e+01
2.338606417200000e-01	1.650364303600000e+01
2.357166856500000e-01	1.665097618100000e+01
2.375727146900000e-01	1.679620361300000e+01
2.394287586200000e-01	1.693935394300000e+01
2.412848025600000e-01	1.708045959500000e+01
2.431408315900000e-01	1.721955490100000e+01
2.449968755200000e-01	1.735666656500000e+01
2.468529045600000e-01	1.749183082600000e+01
2.487089484900000e-01	1.762507438700000e+01
2.505649626300000e-01	1.775642776500000e+01
2.524210214600000e-01	1.788592147800000e+01
2.542770505000000e-01	1.801358413700000e+01
2.561330795300000e-01	1.813944435100000e+01
2.579891085600000e-01	1.826353263900000e+01
2.598451674000000e-01	1.838587379500000e+01
2.617011964300000e-01	1.850649833700000e+01
2.635572254700000e-01	1.862543106100000e+01
2.654132545000000e-01	1.874269866900000e+01
2.672693133400000e-01	1.885832786600000e+01
2.691253423700000e-01	1.897234535200000e+01
2.709813714000000e-01	1.908477592500000e+01
2.728374302400000e-01	1.919564437900000e+01
2.746934592700000e-01	1.930497551000000e+01
2.765494883100000e-01	1.941279220600000e+01
2.784055173400000e-01	1.951911926300000e+01
2.802615761800000e-01	1.962397956800000e+01
2.821176052100000e-01	1.972739601100000e+01
2.839736342400000e-01	1.982939147900000e+01
2.858296632800000e-01	1.992998695400000e+01
2.876857221100000e-01	2.002920532200000e+01
2.895417511500000e-01	2.012706756600000e+01
2.913977801800000e-01	2.022359275800000e+01
2.932538092100000e-01	2.031880378700000e+01
2.951098680500000e-01	2.041272163400000e+01
2.969658970800000e-01	2.050536346400000e+01
2.988219261200000e-01	2.059675025900000e+01
3.006779849500000e-01	2.068689918500000e+01
3.025340139900000e-01	2.077583313000000e+01
3.043900430200000e-01	2.086356544500000e+01
3.062460720500000e-01	2.095011901900000e+01
3.081021308900000e-01	2.103550910900000e+01
3.099581599200000e-01	2.111975288400000e+01
3.118141889600000e-01	2.120286750800000e+01
3.136702179900000e-01	2.128487205500000e+01
3.155262768300000e-01	2.136578178400000e+01
3.173823058600000e-01	2.144561195400000e+01
3.192383348900000e-01	2.152437973000000e+01
3.210943639300000e-01	2.160210037200000e+01
3.229504227600000e-01	2.167879104600000e+01
3.248064518000000e-01	2.175446319600000e+01
3.266624808300000e-01	2.182913589500000e+01
3.285185098600000e-01	2.190282249500000e+01
3.303745687000000e-01	2.197553634600000e+01
3.322305977300000e-01	2.204729080200000e+01
3.340866267700000e-01	2.211810302700000e+01
3.359426856000000e-01	2.218798446700000e+01
3.377987146400000e-01	2.225695037800000e+01
3.396547436700000e-01	2.232501030000000e+01
3.415107727100000e-01	2.239218139600000e+01
3.433668315400000e-01	2.245847511300000e+01
3.452228605700000e-01	2.252390289300000e+01
3.470788896100000e-01	2.258847808800000e+01
3.489349186400000e-01	2.265221214300000e+01
3.507909774800000e-01	2.271511840800000e+01
3.526470065100000e-01	2.277720832800000e+01
3.545030355500000e-01	2.283849144000000e+01
3.563590645800000e-01	2.289898300200000e+01
3.582151234100000e-01	2.295869064300000e+01
3.600711524500000e-01	2.301762580900000e+01
3.619271814800000e-01	2.307580184900000e+01
3.637832403200000e-01	2.313322639500000e+01
3.656392693500000e-01	2.318991088900000e+01
3.674952983900000e-01	2.324586868300000e+01
3.693513274200000e-01	2.330110549900000e+01
3.712073862600000e-01	2.335563278200000e+01
3.730634152900000e-01	2.340946197500000e+01
3.749194443200000e-01	2.346260261500000e+01
3.767754733600000e-01	2.351506042500000e+01
3.786315321900000e-01	2.356685066200000e+01
3.804875612300000e-01	2.361797714200000e+01
3.823435902600000e-01	2.366845130900000e+01
3.841996192900000e-01	2.371828460700000e+01
3.860556781300000e-01	2.376748085000000e+01
3.879117071600000e-01	2.381605148300000e+01
3.897677362000000e-01	2.386400604200000e+01
3.916237950300000e-01	2.391135025000000e+01
3.934798240700000e-01	2.395809555100000e+01
3.953358531000000e-01	2.400424766500000e+01
3.971918821300000e-01	2.404981422400000e+01
3.990479409700000e-01	2.409480476400000e+01
4.009039700000000e-01	2.413922691300000e+01
4.027599990400000e-01	2.418308830300000e+01
4.046160280700000e-01	2.422639465300000e+01
4.064720869100000e-01	2.426915550200000e+01
4.083281159400000e-01	2.431137847900000e+01
4.101841449700000e-01	2.435306930500000e+01
4.120401740100000e-01	2.439423561100000e+01
4.138962328400000e-01	2.443488502500000e+01
4.157522618800000e-01	2.447502327000000e+01
4.176082909100000e-01	2.451465606700000e+01
4.194643497500000e-01	2.455379486100000e+01
4.213203787800000e-01	2.459244155900000e+01
4.231764078100000e-01	2.463060379000000e+01
4.250324368500000e-01	2.466828918500000e+01
4.268884956800000e-01	2.470550346400000e+01
4.287445247200000e-01	2.474225235000000e+01
4.306005537500000e-01	2.477854156500000e+01
4.324565827800000e-01	2.481437873800000e+01
4.343126416200000e-01	2.484976768500000e+01
4.361686706500000e-01	2.488471794100000e+01
4.380246996900000e-01	2.491923141500000e+01
4.398807287200000e-01	2.495331573500000e+01
4.417367875600000e-01	2.498697471600000e+01
4.435928165900000e-01	2.502021598800000e+01
4.454488456200000e-01	2.505304527300000e+01
4.473048746600000e-01	2.508546638500000e+01
4.491609334900000e-01	2.511748504600000e+01
4.510169625300000e-01	2.514910697900000e+01
4.528729915600000e-01	2.518033599900000e+01
4.547290504000000e-01	2.521117782600000e+01
4.565850794300000e-01	2.524164009100000e+01
4.584411084700000e-01	2.527172279400000e+01
4.602971375000000e-01	2.530143547100000e+01
4.621531963300000e-01	2.533078002900000e+01
4.640092253700000e-01	2.535976219200000e+01
4.658652544000000e-01	2.538838768000000e+01
4.677212834400000e-01	2.541665840100000e+01
4.695773422700000e-01	2.544458007800000e+01
4.714333713100000e-01	2.547215843200000e+01
4.732894003400000e-01	2.549939727800000e+01
4.751454293700000e-01	2.552630043000000e+01
4.770014882100000e-01	2.555287170400000e+01
4.788575172400000e-01	2.557911682100000e+01
4.807135462800000e-01	2.560503959700000e+01
4.825696051100000e-01	2.563064384500000e+01
4.844256341500000e-01	2.565593338000000e+01
4.862816631800000e-01	2.568091201800000e+01
4.881376922100000e-01	2.570558357200000e+01
4.899937510500000e-01	2.572995185900000e+01
4.918497800800000e-01	2.575402259800000e+01
4.937058091200000e-01	2.577779769900000e+01
4.955618381500000e-01	2.580128288300000e+01
4.974178969900000e-01	2.582447814900000e+01
4.992739260200000e-01	2.584739112900000e+01
5.011299252500000e-01	2.587002372700000e+01
5.029859542800000e-01	2.589237785300000e+01
5.048420429200000e-01	2.591445922900000e+01
5.066980719600001e-01	2.593627166700000e+01
5.085541009900000e-01	2.595781707800000e+01
5.104101300200000e-01	2.597909927400000e+01
5.122661590599999e-01	2.600012207000000e+01
5.141221880900000e-01	2.602088737500000e+01
5.159782171200000e-01	2.604140090900000e+01
5.178343057600000e-01	2.606166267400000e+01
5.196903348000000e-01	2.608167839100000e+01
5.215463638300000e-01	2.610144996600000e+01
5.234023928600000e-01	2.612097930900000e+01
5.252584219000000e-01	2.614027214100000e+01
5.271144509300000e-01	2.615933036800000e+01
5.289704799700000e-01	2.617815780600000e+01
5.308265089999999e-01	2.619675445600000e+01
5.326825976400000e-01	2.621512413000000e+01
5.345386266700000e-01	2.623327255200000e+01
5.363946557000000e-01	2.625119972200000e+01
5.382506847400000e-01	2.626890754700000e+01
5.401067137700000e-01	2.628640174900000e+01
5.419627428100000e-01	2.630368423500000e+01
5.438187718400000e-01	2.632075691200000e+01
5.456748604800000e-01	2.633761978100000e+01
5.475308895100000e-01	2.635428047200000e+01
5.493869185400000e-01	2.637073898300000e+01
5.512429475800000e-01	2.638699722300000e+01
5.530989766100000e-01	2.640305900600000e+01
5.549550056500000e-01	2.641892623900000e+01
5.568110346800000e-01	2.643460083000000e+01
5.586670637100000e-01	2.645008468600000e+01
5.605231523500001e-01	2.646538353000000e+01
5.623791813900000e-01	2.648049545300000e+01
5.642352104200000e-01	2.649542427100000e+01
5.660912394500000e-01	2.651017379800000e+01
5.679472684900000e-01	2.652474403400000e+01
5.698032975200000e-01	2.653913879400000e+01
5.716593265500000e-01	2.655335807800000e+01
5.735154151900000e-01	2.656740570100000e+01
5.753714442300000e-01	2.658128547700000e+01
5.772274732600000e-01	2.659499549900000e+01
5.790835022900001e-01	2.660854148900000e+01
5.809395313300000e-01	2.662192344700000e+01
5.827955603600000e-01	2.663514328000000e+01
5.846515893899999e-01	2.664820480300000e+01
5.865076184300000e-01	2.666110801700000e+01
5.883637070700000e-01	2.667385673500000e+01
5.902197361000000e-01	2.668644905100000e+01
5.920757651300000e-01	2.669889259300000e+01
5.939317941700000e-01	2.671118354800000e+01
5.957878232000000e-01	2.672332763700000e+01
5.976438522300000e-01	2.673532486000000e+01
5.994998812700000e-01	2.674717903100000e+01
6.013559699100000e-01	2.675888824500000e+01
6.032119989400000e-01	2.677045822100000e+01
6.050680279700000e-01	2.678188896200000e+01
6.069240570100000e-01	2.679318046600000e+01
6.087800860400000e-01	2.680433845500000e+01
6.106361150700000e-01	2.681536102300000e+01
6.124921441100000e-01	2.682625007600000e+01
6.143481731400000e-01	2.683700943000000e+01
6.162042617800000e-01	2.684763908400000e+01
6.180602908100000e-01	2.685813903800000e+01
6.199163198500000e-01	2.686851501500000e+01
6.217723488800000e-01	2.687876510600000e+01
6.236283779100000e-01	2.688889312700000e+01
6.254844069500000e-01	2.689889907800000e+01
6.273404359800000e-01	2.690878486600000e+01
6.291965246200000e-01	2.691855239900000e+01
6.310525536500000e-01	2.692820167500000e+01
6.329085826900001e-01	2.693773460400000e+01
6.347646117200000e-01	2.694715499900000e+01
6.366206407500000e-01	2.695646095300000e+01
6.384766697900000e-01	2.696565628100000e+01
6.403326988200000e-01	2.697474098200000e+01
6.421887278600000e-01	2.698371505700000e+01
6.440448164900000e-01	2.699258232100000e+01
6.459008455300000e-01	2.700134468100000e+01
6.477568745600000e-01	2.701000022900000e+01
6.496129035900000e-01	2.701855278000000e+01
6.514689326300001e-01	2.702700424200000e+01
6.533249616600000e-01	2.703535270700000e+01
6.551809907000000e-01	2.704360008200000e+01
6.570370197299999e-01	2.705175018300000e+01
6.588931083700000e-01	2.705980300900000e+01
6.607491374000000e-01	2.706775856000000e+01
6.626051664400000e-01	2.707561874400000e+01
6.644611954700000e-01	2.708338546800000e+01
6.663172245000000e-01	2.709105873100000e+01
6.681732535400000e-01	2.709864044200000e+01
6.700292825700001e-01	2.710613060000000e+01
6.718853712100000e-01	2.711353111300000e+01
6.737414002400000e-01	2.712084388700000e+01
6.755974292800000e-01	2.712806892400000e+01
6.774534583100000e-01	2.713520813000000e+01
6.793094873400000e-01	2.714226150500000e+01
6.811655163800000e-01	2.714922905000000e+01
6.830215454100000e-01	2.715611457800000e+01
6.848775744400000e-01	2.716291809100000e+01
6.867336630799999e-01	2.716963958700000e+01
6.885896921200000e-01	2.717628097500000e+01
6.904457211500000e-01	2.718284416200000e+01
6.923017501800000e-01	2.718932724000000e+01
6.941577792200000e-01	2.719573402400000e+01
6.960138082500000e-01	2.720206260700000e+01
6.978698372800000e-01	2.720831680300000e+01
6.997259259200000e-01	2.721449470500000e+01
7.015819549600000e-01	2.722060012800000e+01
7.034379839900000e-01	2.722663307200000e+01
7.052940130200001e-01	2.723259353600000e+01
7.071500420600000e-01	2.723848342900000e+01
7.090060710900000e-01	2.724430084200000e+01
7.108621001200000e-01	2.725005149800000e+01
7.127181291600000e-01	2.725573158300000e+01
7.145742178000000e-01	2.726134491000000e+01
7.164302468300000e-01	2.726688957200000e+01
7.182862758600000e-01	2.727236938500000e+01
7.201423049000000e-01	2.727778434800000e+01
7.219983339300000e-01	2.728313446000000e+01
7.238543629600001e-01	2.728841972400000e+01
7.257103920000000e-01	2.729364204400000e+01
7.275664806400000e-01	2.729880332900000e+01
7.294225096700000e-01	2.730390167200000e+01
7.312785387000000e-01	2.730894088700000e+01
7.331345677400000e-01	2.731391906700000e+01
7.349905967700000e-01	2.731883621200000e+01
7.368466258000000e-01	2.732369613600000e+01
7.387026548400000e-01	2.732849884000000e+01
7.405586838700000e-01	2.733324432400000e+01
7.424147725100000e-01	2.733793258700000e+01
7.442708015400000e-01	2.734256362900000e+01
7.461268305800000e-01	2.734714126600000e+01
7.479828596100000e-01	2.735166358900000e+01
7.498388886500000e-01	2.735613250700000e+01
7.516949176800000e-01	2.736054801900000e+01
7.535509467100000e-01	2.736491012600000e+01
7.554070353500000e-01	2.736922073400000e+01
7.572630643800000e-01	2.737347984300000e+01
7.591190934199999e-01	2.737768936200000e+01
7.609751224500000e-01	2.738184738200000e+01
7.628311514900000e-01	2.738595581100000e+01
7.646871805200000e-01	2.739001655600000e+01
7.665432095500000e-01	2.739402771000000e+01
7.683992385900000e-01	2.739799308800000e+01
7.702553272200000e-01	2.740190887500000e+01
7.721113562600000e-01	2.740577888500000e+01
7.739673852900000e-01	2.740960311900000e+01
7.758234143300000e-01	2.741338157700000e+01
7.776794433599999e-01	2.741711425800000e+01
7.795354723900000e-01	2.742080307000000e+01
7.813915014300000e-01	2.742444801300000e+01
7.832475900700000e-01	2.742805099500000e+01
7.851036191000000e-01	2.743161010700000e+01
7.869596481300000e-01	2.743512535100000e+01
7.888156771700000e-01	2.743860054000000e+01
7.906717062000000e-01	2.744203376800000e+01
7.925277352300000e-01	2.744542503400000e+01
7.943837642700000e-01	2.744877815200000e+01
7.962397933000001e-01	2.745208931000000e+01
7.980958819400000e-01	2.745536232000000e+01
7.999519109700000e-01	2.745859718300000e+01
8.018079400100000e-01	2.746179199200000e+01
8.036639690400000e-01	2.746494865400000e+01
8.055199980700000e-01	2.746806907700000e+01
8.073760271100000e-01	2.747115135200000e+01
8.092320561400000e-01	2.747419738800000e+01
8.110881447800000e-01	2.747720718400000e+01
8.129441738099999e-01	2.748018074000000e+01
8.148002028500000e-01	2.748311996500000e+01
8.166562318800000e-01	2.748602294900000e+01
8.185122609100000e-01	2.748889350900000e+01
8.203682899500000e-01	2.749172782900000e+01
8.222243189800000e-01	2.749452972400000e+01
8.240803480100000e-01	2.749729728700000e+01
8.259364366500000e-01	2.750003242500000e+01
8.277924656900000e-01	2.750273513800000e+01
8.296484947200000e-01	2.750540542600000e+01
8.315045237499999e-01	2.750804328900000e+01
8.333605527900000e-01	2.751065063500000e+01
8.352165818200000e-01	2.751322746300000e+01
8.370726108600000e-01	2.751577377300000e+01
8.389286994900000e-01	2.751828765900000e+01
8.407847285300000e-01	2.752077484100000e+01
8.426407575600000e-01	2.752322959900000e+01
8.444967865900000e-01	2.752565765400000e+01
8.463528156300000e-01	2.752805519100000e+01
8.482088446600000e-01	2.753042411800000e+01
8.500648736999999e-01	2.753276634200000e+01
8.519209027300000e-01	2.753507995600000e+01
8.537769913700000e-01	2.753736496000000e+01
8.556330204000000e-01	2.753962326000000e+01
8.574890494300000e-01	2.754185676600000e+01
8.593450784700000e-01	2.754406166100000e+01
8.612011075000000e-01	2.754623985300000e+01
8.630571365400000e-01	2.754839325000000e+01
8.649131655700000e-01	2.755052185100000e+01
8.667691946000000e-01	2.755262374900000e+01
8.686252832400000e-01	2.755470275900000e+01
8.704813122700000e-01	2.755675506600000e+01
8.723373413100000e-01	2.755878448500000e+01
8.741933703400000e-01	2.756078720100000e+01
8.760493993800000e-01	2.756276893600000e+01
8.779054284100000e-01	2.756472587600000e+01
8.797614574400000e-01	2.756665992700000e+01
8.816175460800000e-01	2.756857109100000e+01
8.834735751200000e-01	2.757045936600000e+01
8.853296041499999e-01	2.757232475300000e+01
8.871856331800000e-01	2.757416725200000e+01
8.890416622200000e-01	2.757599067700000e+01
8.908976912500000e-01	2.757778930700000e+01
8.927537202800000e-01	2.757956886300000e+01
8.946097493200000e-01	2.758132553100000e+01
8.964658379600000e-01	2.758306312600000e+01
8.983218669900001e-01	2.758477973900000e+01
9.001778960200000e-01	2.758647537200000e+01
9.020339250600000e-01	2.758815002400000e+01
9.038899540899999e-01	2.758980560300000e+01
9.057459831200000e-01	2.759144210800000e+01
9.076020121600000e-01	2.759305954000000e+01
9.094581008000000e-01	2.759465599100000e+01
9.113141298300000e-01	2.759623527500000e+01
9.131701588600000e-01	2.759779548600000e+01
9.150261879000000e-01	2.759933662400000e+01
9.168822169300000e-01	2.760085868800000e+01
9.187382459600000e-01	2.760236358600000e+01
9.205942750000000e-01	2.760385131800000e+01
9.224503040299999e-01	2.760531997700000e+01
9.243063926700000e-01	2.760677337600000e+01
9.261624217000000e-01	2.760820770300000e+01
9.280184507400000e-01	2.760962486300000e+01
9.298744797700000e-01	2.761102485700000e+01
9.317305088000000e-01	2.761240959200000e+01
9.335865378400000e-01	2.761377716100000e+01
9.354425668700000e-01	2.761512947100000e+01
9.372986555100000e-01	2.761646461500000e+01
9.391546845400000e-01	2.761778450000000e+01
9.410107135800000e-01	2.761908912700000e+01
9.428667426100000e-01	2.762037658700000e+01
9.447227716400000e-01	2.762165069600000e+01
9.465788006800000e-01	2.762290954600000e+01
9.484348297100000e-01	2.762415123000000e+01
9.502908587500000e-01	2.762538147000000e+01
9.521469473800001e-01	2.762659454300000e+01
9.540029764200000e-01	2.762779426600000e+01
9.558590054500000e-01	2.762897872900000e+01
9.577150344799999e-01	2.763014984100000e+01
9.595710635200000e-01	2.763130760200000e+01
9.614270925500000e-01	2.763245201100000e+01
9.632831215900000e-01	2.763358116100000e+01
9.651392102200000e-01	2.763469886800000e+01
9.669952392600000e-01	2.763580131500000e+01
9.688512682900000e-01	2.763689231900000e+01
9.707072973300001e-01	2.763796997100000e+01
9.725633263600000e-01	2.763903427100000e+01
9.744193553900000e-01	2.764008522000000e+01
9.762753844299999e-01	2.764112472500000e+01
9.781314134600000e-01	2.764215278600000e+01
9.799875021000000e-01	2.764316749600000e+01
9.818435311300000e-01	2.764417076100000e+01
9.836995601700000e-01	2.764516258200000e+01
9.855555892000000e-01	2.764614105200000e+01
9.874116182300000e-01	2.764710807800000e+01
9.892676472700001e-01	2.764806556700000e+01
9.911236763000000e-01	2.764900970500000e+01
9.929797649400000e-01	2.764994430500000e+01
9.948357939700000e-01	2.765086555500000e+01
9.966918230100000e-01	2.765177726700000e+01
9.985478520400000e-01	2.765267944300000e+01
1.000403881100000e+00	2.765356826800000e+01
1.002259850500000e+00	2.765444755600000e+01
1.004115939100000e+00	2.765531730700000e+01
1.005971908600000e+00	2.765617561300000e+01
1.007827997200000e+00	2.765702438400000e+01
1.009684085800000e+00	2.765786361700000e+01
1.011540055300000e+00	2.765869331400000e+01
1.013396143900000e+00	2.765951156600000e+01
1.015252113300000e+00	2.766032028200000e+01
1.017108202000000e+00	2.766111946100000e+01
1.018964171400000e+00	2.766190910300000e+01
1.020820260000000e+00	2.766269111600000e+01
1.022676348700000e+00	2.766346168500000e+01
1.024532318100000e+00	2.766422462500000e+01
1.026388406800000e+00	2.766497802700000e+01
1.028244376200000e+00	2.766572189300000e+01
1.030100464800000e+00	2.766645813000000e+01
1.031956434200000e+00	2.766718483000000e+01
1.033812522900000e+00	2.766790199300000e+01
1.035668611500000e+00	2.766861152600000e+01
1.037524581000000e+00	2.766931343100000e+01
1.039380669600000e+00	2.767000579800000e+01
1.041236639000000e+00	2.767069053600000e+01
1.043092727700000e+00	2.767136764500000e+01
1.044948697100000e+00	2.767203712500000e+01
1.046804785700000e+00	2.767269706700000e+01
1.048660874400000e+00	2.767334938000000e+01
1.050516843800000e+00	2.767399406400000e+01
1.052372932400000e+00	2.767463302600000e+01
1.054228901900000e+00	2.767526245100000e+01
1.056084990500000e+00	2.767588424700000e+01
1.057940959900000e+00	2.767650032000000e+01
1.059797048600000e+00	2.767710685700000e+01
1.061653018000000e+00	2.767770767200000e+01
1.063509106600000e+00	2.767830085800000e+01
1.065365195300000e+00	2.767888832100000e+01
1.067221164700000e+00	2.767946815500000e+01
1.069077253300000e+00	2.768004035900000e+01
1.070933222800000e+00	2.768060493500000e+01
1.072789311400000e+00	2.768116569500000e+01
1.074645280800000e+00	2.768171691900000e+01
1.076501369500000e+00	2.768226242100000e+01
1.078357458100000e+00	2.768280220000000e+01
1.080213427500000e+00	2.768333625800000e+01
1.082069516200000e+00	2.768386268600000e+01
1.083925485600000e+00	2.768438339200000e+01
1.085781574200000e+00	2.768489646900000e+01
1.087637543700000e+00	2.768540573100000e+01
1.089493632300000e+00	2.768590736400000e+01
1.091349721000000e+00	2.768561363200000e+01
1.093205690400000e+00	2.768348312400000e+01
1.095061779000000e+00	2.767907333400000e+01
1.096917748500000e+00	2.767151832600000e+01
1.098773837100000e+00	2.765997695900000e+01
1.100629806500000e+00	2.764340019200000e+01
1.102485895200000e+00	2.762041282700000e+01
1.104341864600000e+00	2.758911895800000e+01
1.106197953200000e+00	2.754701614400000e+01
1.108054041900000e+00	2.749423980700000e+01
1.109910011300000e+00	2.742901420600000e+01
1.111766099900000e+00	2.734905242900000e+01
1.113622069400000e+00	2.725138473500000e+01
1.115478158000000e+00	2.713210487400000e+01
1.117334127400000e+00	2.698603820800000e+01
1.119190216100000e+00	2.680633926400000e+01
1.121046304700000e+00	2.658407783500000e+01
1.122902274100000e+00	2.630813026400000e+01
1.124758362800000e+00	2.596601867700000e+01
1.126614332200000e+00	2.554674720800000e+01
1.128470420800000e+00	2.504582786600000e+01
1.130326390300000e+00	2.446977424600000e+01
1.132182478900000e+00	2.383536720300000e+01
1.134038567500000e+00	2.316342735300000e+01
1.135894537000000e+00	2.247245597800000e+01
1.137750625600000e+00	2.177597808800000e+01
1.139606595000000e+00	2.108287048300000e+01
1.141462683700000e+00	2.039867019700000e+01
1.143318653100000e+00	1.972677421600000e+01
1.145174741700000e+00	1.906925392200000e+01
1.147030830400000e+00	1.842735862700000e+01
1.148886799800000e+00	1.780182647700000e+01
1.150742888500000e+00	1.719305038500000e+01
1.152598857900000e+00	1.660120773300000e+01
1.154454946500000e+00	1.602632331800000e+01
1.156310915900000e+00	1.546831607800000e+01
1.158167004600000e+00	1.492702770200000e+01
1.160022974000000e+00	1.440224838300000e+01
1.161879062700000e+00	1.389373016400000e+01
1.163735151300000e+00	1.340119266500000e+01
1.165591120700000e+00	1.292433452600000e+01
1.167447209400000e+00	1.246283721900000e+01
1.169303178800000e+00	1.201636886600000e+01
1.171159267400000e+00	1.158458709700000e+01
1.173015236900000e+00	1.116714382200000e+01
1.174871325500000e+00	1.076368331900000e+01
1.176727414100000e+00	1.037384796100000e+01
1.178583383600000e+00	9.997277259800001e+00
1.180439472200000e+00	9.633610725400001e+00
1.182295441600000e+00	9.282489776600000e+00
1.184151530300000e+00	8.943553924600000e+00
1.186007499700000e+00	8.616448402400000e+00
1.187863588300000e+00	8.300821304299999e+00
1.189719677000000e+00	7.996324539200000e+00
1.191575646400000e+00	7.702614307400000e+00
1.193431735000000e+00	7.419353961900000e+00
1.195287704500000e+00	7.146211147300000e+00
1.197143793100000e+00	6.882860660600000e+00
1.198999762500000e+00	6.628983497600000e+00
1.200855851200000e+00	6.384267807000000e+00
1.202711939800000e+00	6.148409366600000e+00
1.204567909200000e+00	5.921110153200000e+00
1.206423997900000e+00	5.702080726600000e+00
1.208279967300000e+00	5.491038799300000e+00
1.210136055900000e+00	5.287709236100000e+00
1.211992025400000e+00	5.091825485200000e+00
1.213848114000000e+00	4.903128147100000e+00
1.215704083400000e+00	4.721364975000000e+00
1.217560172100000e+00	4.546308994300000e+00
1.219416260700000e+00	4.378306865700000e+00
1.221272230100000e+00	4.217999458300000e+00
1.223128318800000e+00	4.065780162800000e+00
1.224984288200000e+00	3.921831607800000e+00
1.226840376900000e+00	3.786151647600000e+00
1.228696346300000e+00	3.658591747300000e+00
1.230552434900000e+00	3.538892269100000e+00
1.232408523600000e+00	3.426716804500000e+00
1.234264493000000e+00	3.321680545800000e+00
1.236120581600000e+00	3.223372936200000e+00
1.237976551100000e+00	3.131375312800000e+00
1.239832639700000e+00	3.045272588700000e+00
1.241688609100000e+00	2.964663028700000e+00
1.243544697800000e+00	2.889162302000000e+00
1.245400786400000e+00	2.818407535600000e+00
1.247256755800000e+00	2.752059221300000e+00
1.249112844500000e+00	2.689800262500000e+00
1.250968813900000e+00	2.631337404300000e+00
1.252824902500000e+00	2.576398849500000e+00
1.254680872000000e+00	2.524734258700000e+00
1.256536960600000e+00	2.476112365700000e+00
1.258393049200000e+00	2.430320739700000e+00
1.260249018700000e+00	2.387163400700000e+00
1.262105107300000e+00	2.346460104000000e+00
1.263961076700000e+00	2.308045148800000e+00
1.265817165400000e+00	2.271765232100000e+00
1.267673134800000e+00	2.237479686700000e+00
1.269529223400000e+00	2.205058336300000e+00
1.271385192900000e+00	2.174381494500000e+00
1.273241281500000e+00	2.145338058500000e+00
1.275097370100000e+00	2.117825508100000e+00
1.276953339600000e+00	2.091748952900000e+00
1.278809428200000e+00	2.067020654700000e+00
1.280665397600000e+00	2.043559074400000e+00
1.282521486300000e+00	2.021288156500000e+00
1.284377455700000e+00	2.000138044400000e+00
1.286233544300000e+00	1.980042934400000e+00
1.288089633000000e+00	1.960942149200000e+00
1.289945602400000e+00	1.942778825800000e+00
1.291801691100000e+00	1.925500154500000e+00
1.293657660500000e+00	1.909056544300000e+00
1.295513749100000e+00	1.893401980400000e+00
1.297369718600000e+00	1.878493189800000e+00
1.299225807200000e+00	1.864289879800000e+00
1.301081895800000e+00	1.850753903400000e+00
1.302937865300000e+00	1.837850093800000e+00
1.304793953900000e+00	1.825544953300000e+00
1.306649923300000e+00	1.813807249100000e+00
1.308506012000000e+00	1.802607655500000e+00
1.310361981400000e+00	1.791918396900000e+00
1.312218070000000e+00	1.781713604900000e+00
1.314074039500000e+00	1.771968841600000e+00
1.315930128100000e+00	1.762660861000000e+00
1.317786216700000e+00	1.753768205600000e+00
1.319642186200000e+00	1.745270013800000e+00
1.321498274800000e+00	1.737147212000000e+00
1.323354244200000e+00	1.729381442100000e+00
1.325210332900000e+00	1.721955299400000e+00
1.327066302300000e+00	1.714852690700000e+00
1.328922390900000e+00	1.708057999600000e+00
1.330778479600000e+00	1.701556682600000e+00
1.332634449000000e+00	1.695334792100000e+00
1.334490537600000e+00	1.689379453700000e+00
1.336346507100000e+00	1.683678031000000e+00
1.338202595700000e+00	1.678218841600000e+00
1.340058565100000e+00	1.672990679700000e+00
1.341914653800000e+00	1.667983055100000e+00
1.343770742400000e+00	1.663185715700000e+00
1.345626711800000e+00	1.658589363100000e+00
1.347482800500000e+00	1.654184699100000e+00
1.349338769900000e+00	1.649963259700000e+00
1.351194858600000e+00	1.645916819600000e+00
1.353050828000000e+00	1.642037630100000e+00
1.354906916600000e+00	1.638318181000000e+00
1.356763005300000e+00	1.634751439100000e+00
1.358618974700000e+00	1.631330847700000e+00
1.360475063300000e+00	1.628049850500000e+00
1.362331032800000e+00	1.624902486800000e+00
1.364187121400000e+00	1.621882915500000e+00
1.366043090800000e+00	1.618985533700000e+00
1.367899179500000e+00	1.616205334700000e+00
1.369755148900000e+00	1.613537073100000e+00
1.371611237500000e+00	1.610975980800000e+00
1.373467326200000e+00	1.608517646800000e+00
1.375323295600000e+00	1.606157541300000e+00
1.377179384200000e+00	1.603891730300000e+00
1.379035353700000e+00	1.601716160800000e+00
1.380891442300000e+00	1.599626898800000e+00
1.382747411700000e+00	1.597620487200000e+00
1.384603500400000e+00	1.595693588300000e+00
1.386459589000000e+00	1.593842625600000e+00
1.388315558400000e+00	1.592064738300000e+00
1.390171647100000e+00	1.590356707600000e+00
1.392027616500000e+00	1.588715672500000e+00
1.393883705100000e+00	1.587139010400000e+00
1.395739674600000e+00	1.585623979600000e+00
1.397595763200000e+00	1.584168195700000e+00
1.399451851800000e+00	1.582769155500000e+00
1.401307821300000e+00	1.581424593900000e+00
1.403163909900000e+00	1.580132246000000e+00
1.405019879300000e+00	1.578889966000000e+00
1.406875968000000e+00	1.577695965800000e+00
1.408731937400000e+00	1.576548099500000e+00
1.410588026000000e+00	1.575444579100000e+00
1.412444114700000e+00	1.574383616400000e+00
1.414300084100000e+00	1.573363542600000e+00
1.416156172800000e+00	1.572382688500000e+00
1.418012142200000e+00	1.571439623800000e+00
1.419868230800000e+00	1.570532679600000e+00
1.421724200200000e+00	1.569660544400000e+00
1.423580288900000e+00	1.568821787800000e+00
1.425436258300000e+00	1.568015098600000e+00
1.427292347000000e+00	1.567239284500000e+00
1.429148435600000e+00	1.566493034400000e+00
1.431004405000000e+00	1.565775275200000e+00
1.432860493700000e+00	1.565084815000000e+00
1.434716463100000e+00	1.564420700100000e+00
1.436572551700000e+00	1.563781857500000e+00
1.438428521200000e+00	1.563167214400000e+00
1.440284609800000e+00	1.562575817100000e+00
1.442140698400000e+00	1.562006950400000e+00
1.443996667900000e+00	1.561459541300000e+00
1.445852756500000e+00	1.560932993900000e+00
1.447708725900000e+00	1.560426235200000e+00
1.449564814600000e+00	1.559938669200000e+00
1.451420784000000e+00	1.559469461400000e+00
1.453276872600000e+00	1.559018015900000e+00
1.455132961300000e+00	1.558583498000000e+00
1.456988930700000e+00	1.558165431000000e+00
1.458845019300000e+00	1.557763099700000e+00
1.460700988800000e+00	1.557375788700000e+00
1.462557077400000e+00	1.557003140400000e+00
1.464413046800000e+00	1.556644439700000e+00
1.466269135500000e+00	1.556299209600000e+00
1.468125224100000e+00	1.555966973300000e+00
1.469981193500000e+00	1.555647134800000e+00
1.471837282200000e+00	1.555339217200000e+00
1.473693251600000e+00	1.555042862900000e+00
1.475549340200000e+00	1.554757595100000e+00
1.477405309700000e+00	1.554483056100000e+00
1.479261398300000e+00	1.554218649900000e+00
1.481117367700000e+00	1.553964138000000e+00
1.482973456400000e+00	1.553719162900000e+00
1.484829545000000e+00	1.553483247800000e+00
1.486685514500000e+00	1.553256154100000e+00
1.488541603100000e+00	1.553037524200000e+00
1.490397572500000e+00	1.552826881400000e+00
1.492253661200000e+00	1.552624225600000e+00
1.494109630600000e+00	1.552428960800000e+00
1.495965719200000e+00	1.552240967800000e+00
1.497821807900000e+00	1.552060008000000e+00
1.499677777300000e+00	1.551885724100000e+00
1.501533865900000e+00	1.551885724100000e+00
