time	force
0.000000000000000e+00	2.546179390000000e+01
2.043149434000000e-03	2.546179390000000e+01
4.086298868100000e-03	2.546179390000000e+01
6.129448767800000e-03	2.546179390000000e+01
8.172597736100001e-03	2.546179390000000e+01
1.021574717000000e-02	2.546179390000000e+01
1.225889753600000e-02	2.546179390000000e+01
1.430204697000000e-02	2.546179390000000e+01
1.634519547200000e-02	2.546179390000000e+01
1.838834583800000e-02	2.546179390000000e+01
2.043149434000000e-02	2.546179390000000e+01
2.247464470600000e-02	2.546179390000000e+01
2.451779507100000e-02	2.546179390000000e+01
2.656094357400000e-02	2.546179390000000e+01
2.860409393900000e-02	2.546179390000000e+01
3.064724244200000e-02	2.546179390000000e+01
3.269039094400000e-02	2.546179390000000e+01
3.473354131000000e-02	2.546179390000000e+01
3.677669167500000e-02	2.546179390000000e+01
3.881984204100000e-02	2.546179390000000e+01
4.086298868100000e-02	2.546179390000000e+01
4.290613904600000e-02	2.546179390000000e+01
4.494928941100000e-02	2.546179390000000e+01
4.699243977700000e-02	2.546179390000000e+01
4.903559014200000e-02	2.546179390000000e+01
5.107873678200000e-02	2.546179390000000e+01
5.312188714700000e-02	2.546179390000000e+01
5.516503751300000e-02	2.546179390000000e+01
5.720818787800000e-02	2.546179390000000e+01
5.925133824300000e-02	2.546179390000000e+01
6.129448488400000e-02	2.546179390000000e+01
6.333763152400000e-02	2.546179390000000e+01
6.538078188900000e-02	2.546179390000000e+01
6.742393225399999e-02	2.546179390000000e+01
6.946708262000000e-02	2.546179390000000e+01
7.151023298500001e-02	2.546179390000000e+01
7.355338335000000e-02	2.546179390000000e+01
7.559653371600000e-02	2.546179390000000e+01
7.763968408100000e-02	2.546179390000000e+01
7.968283444599999e-02	2.546179390000000e+01
8.172597736100000e-02	2.546179390000000e+01
8.376912772700000e-02	2.546179390000000e+01
8.581227809200000e-02	2.546179390000000e+01
8.785542845700001e-02	2.546179390000000e+01
8.989857882299999e-02	2.546179390000000e+01
9.194172918800000e-02	2.549837684600000e+01
9.398487955300000e-02	2.558513641400000e+01
9.602802991900000e-02	2.569642639200000e+01
9.807118028400000e-02	2.582649612400000e+01
1.001143306500000e-01	2.597518920900000e+01
1.021574735600000e-01	2.614281272900000e+01
1.042006239300000e-01	2.632953643800000e+01
1.062437742900000e-01	2.653346252400000e+01
1.082869246600000e-01	2.673715019200000e+01
1.103300750300000e-01	2.694139099100000e+01
1.123732253900000e-01	2.714602470400000e+01
1.144163757600000e-01	2.735063171400000e+01
1.164595261200000e-01	2.755475044300000e+01
1.185026764900000e-01	2.775795936600000e+01
1.205458268500000e-01	2.795988273600000e+01
1.225889697700000e-01	2.816019439700000e+01
1.246321201300000e-01	2.835861778300000e+01
1.266752630500000e-01	2.855491066000000e+01
1.287184208600000e-01	2.874887466400000e+01
1.307615637800000e-01	2.894033241300000e+01
1.328047215900000e-01	2.912914276100000e+01
1.348478645100000e-01	2.931517982500000e+01
1.368910223200000e-01	2.949834632900000e+01
1.389341652400000e-01	2.967855835000000e+01
1.409773230600000e-01	2.985575103800000e+01
1.430204659700000e-01	3.002987480200000e+01
1.450636088800000e-01	3.020088768000000e+01
1.471067667000000e-01	3.036876869200000e+01
1.491499096200000e-01	3.053349876400000e+01
1.511930674300000e-01	3.069507408100000e+01
1.532362103500000e-01	3.085349464400000e+01
1.552793681600000e-01	3.100877380400000e+01
1.573225110800000e-01	3.116092491100000e+01
1.593656688900000e-01	3.130997085600000e+01
1.614088118100000e-01	3.145593833900000e+01
1.634519547200000e-01	3.159885978700000e+01
1.654951125400000e-01	3.173876953100000e+01
1.675382554500000e-01	3.187570762600000e+01
1.695814132700000e-01	3.200971603400000e+01
1.716245561800000e-01	3.214083480800000e+01
1.736677140000000e-01	3.226911544800000e+01
1.757108569100000e-01	3.239460372900000e+01
1.777540147300000e-01	3.251734542800000e+01
1.797971576500000e-01	3.263739776600000e+01
1.818403154600000e-01	3.275480651900000e+01
1.838834583800000e-01	3.286962127700000e+01
1.859266012900000e-01	3.298189926100000e+01
1.879697591100000e-01	3.309169387800000e+01
1.900129020200000e-01	3.319904708900000e+01
1.920560598400000e-01	3.330402374300000e+01
1.940992027500000e-01	3.340666580200000e+01
1.961423605700000e-01	3.350703048700000e+01
1.981855034800000e-01	3.360516357400000e+01
2.002286613000000e-01	3.370112228400000e+01
2.022718042100000e-01	3.379494857800000e+01
2.043149471300000e-01	3.388669967700000e+01
2.063581049400000e-01	3.397641754200000e+01
2.084012478600000e-01	3.406415176400000e+01
2.104444056700000e-01	3.414994812000000e+01
2.124875485900000e-01	3.423385238600000e+01
2.145307064100000e-01	3.431591033900000e+01
2.165738493200000e-01	3.439616775500000e+01
2.186170071400000e-01	3.447466659500000e+01
2.206601500500000e-01	3.455144500700000e+01
2.227033078700000e-01	3.462655258200000e+01
2.247464507800000e-01	3.470001983600000e+01
2.267895937000000e-01	3.477189254800000e+01
2.288327515100000e-01	3.484220886200000e+01
2.308758944300000e-01	3.491100311300000e+01
2.329190522400000e-01	3.497831344600000e+01
2.349621951600000e-01	3.504417800900000e+01
2.370053529700000e-01	3.510862731900000e+01
2.390484958900000e-01	3.517169952400000e+01
2.410916537000000e-01	3.523342514000000e+01
2.431347966200000e-01	3.529383850100000e+01
2.451779395300000e-01	3.535296630900000e+01
2.472210973500000e-01	3.541084671000000e+01
2.492642402600000e-01	3.546750259400000e+01
2.513073980800000e-01	3.552296829200000e+01
2.533505260900000e-01	3.557726669300000e+01
2.553936839100000e-01	3.563042831400000e+01
2.574368417300000e-01	3.568247985800000e+01
2.594799995400000e-01	3.573345184300000e+01
2.615231275600000e-01	3.578335952800000e+01
2.635662853700000e-01	3.583223724400000e+01
2.656094431900000e-01	3.588010406500000e+01
2.676525712000000e-01	3.592698669400000e+01
2.696957290200000e-01	3.597290420500000e+01
2.717388868300000e-01	3.601787948600000e+01
2.737820446500000e-01	3.606193542500000e+01
2.758251726600000e-01	3.610509491000000e+01
2.778683304800000e-01	3.614737701400000e+01
2.799114882900000e-01	3.618880081200000e+01
2.819546461100000e-01	3.622938537600000e+01
2.839977741200000e-01	3.626914978000000e+01
2.860409319400000e-01	3.630811691300000e+01
2.880840897600000e-01	3.634629821800000e+01
2.901272177700000e-01	3.638371276900000e+01
2.921703755900000e-01	3.642038345300000e+01
2.942135334000000e-01	3.645631790200000e+01
2.962566912200000e-01	3.649154281600000e+01
2.982998192300000e-01	3.652606201200000e+01
3.003429770500000e-01	3.655990219100000e+01
3.023861348600000e-01	3.659307098400000e+01
3.044292628800000e-01	3.662558364900000e+01
3.064724206900000e-01	3.665745544400000e+01
3.085155785100000e-01	3.668870544400000e+01
3.105587363200000e-01	3.671933746300000e+01
3.126018643400000e-01	3.674937439000000e+01
3.146450221500000e-01	3.677882003800000e+01
3.166881799700000e-01	3.680769348100000e+01
3.187313377900000e-01	3.683600616500000e+01
3.207744658000000e-01	3.686376953100000e+01
3.228176236200000e-01	3.689099121100000e+01
3.248607814300000e-01	3.691768646200000e+01
3.269039094400000e-01	3.694387054400000e+01
3.289470672600000e-01	3.696954345700000e+01
3.309902250800000e-01	3.699472427400000e+01
3.330333828900000e-01	3.701942443800000e+01
3.350765109100000e-01	3.704364776600000e+01
3.371196687200000e-01	3.706740570100000e+01
3.391628265400000e-01	3.709070968600000e+01
3.412059843500000e-01	3.711356735200000e+01
3.432491123700000e-01	3.713599395800000e+01
3.452922701800000e-01	3.715798950200000e+01
3.473354280000000e-01	3.717956543000000e+01
3.493785560100000e-01	3.720073318500000e+01
3.514217138300000e-01	3.722150039700000e+01
3.534648716400000e-01	3.724187469500000e+01
3.555080294600000e-01	3.726186370800000e+01
3.575511574700000e-01	3.728147506700000e+01
3.595943152900000e-01	3.730071640000000e+01
3.616374731100000e-01	3.731959533700000e+01
3.636806309200000e-01	3.733811950700000e+01
3.657237589400000e-01	3.735629272500000e+01
3.677669167500000e-01	3.737412643400000e+01
3.698100745700000e-01	3.739162826500000e+01
3.718532025800000e-01	3.740880203200000e+01
3.738963604000000e-01	3.742565155000000e+01
3.759395182100000e-01	3.744218826300000e+01
3.779826760300000e-01	3.745841598500000e+01
3.800258040400000e-01	3.747434234600000e+01
3.820689618600000e-01	3.748997116100000e+01
3.841121196700000e-01	3.750531005900000e+01
3.861552476900000e-01	3.752036285400000e+01
3.881984055000000e-01	3.753513717700000e+01
3.902415633200000e-01	3.754963684100000e+01
3.922847211400000e-01	3.756386566200000e+01
3.943278491500000e-01	3.757783508300000e+01
3.963710069700000e-01	3.759154510500000e+01
3.984141647800000e-01	3.760499954200000e+01
4.004573226000000e-01	3.761820602400000e+01
4.025004506100000e-01	3.763117218000000e+01
4.045436084300000e-01	3.764389801000000e+01
4.065867662400000e-01	3.765638732900000e+01
4.086298942600000e-01	3.766864776600000e+01
4.106730520700000e-01	3.768068313600000e+01
4.127162098900000e-01	3.769250106800000e+01
4.147593677000000e-01	3.770409774800000e+01
4.168024957200000e-01	3.771548080400000e+01
4.188456535300000e-01	3.772665786700000e+01
4.208888113500000e-01	3.773762893700000e+01
4.229319691700000e-01	3.774840164200000e+01
4.249750971800000e-01	3.775897598300000e+01
4.270182550000000e-01	3.776935577400000e+01
4.290614128100000e-01	3.777954864500000e+01
4.311045408200000e-01	3.778955078100000e+01
4.331476986400000e-01	3.779937362700000e+01
4.351908564600000e-01	3.780901718100000e+01
4.372340142700000e-01	3.781848526000000e+01
4.392771422900000e-01	3.782778167700000e+01
4.413203001000000e-01	3.783691024800000e+01
4.433634579200000e-01	3.784587097200000e+01
4.454066157300000e-01	3.785466766400000e+01
4.474497437500000e-01	3.786330413800000e+01
4.494929015600000e-01	3.787178802500000e+01
4.515360593800000e-01	3.788011550900000e+01
4.535791873900000e-01	3.788829040500000e+01
4.556223452100000e-01	3.789631652800000e+01
4.576655030300000e-01	3.790420150800000e+01
4.597086608400000e-01	3.791194152800000e+01
4.617517888500000e-01	3.791954040500000e+01
4.637949466700000e-01	3.792700195300000e+01
4.658381044900000e-01	3.793432998700000e+01
4.678812325000000e-01	3.794152450600000e+01
4.699243903200000e-01	3.794859314000000e+01
4.719675481300000e-01	3.795552825900000e+01
4.740107059500000e-01	3.796234130900000e+01
4.760538339600000e-01	3.796903228800000e+01
4.780969917800000e-01	3.797560119600000e+01
4.801401495900000e-01	3.798205184900000e+01
4.821833074100000e-01	3.798838424700000e+01
4.842264354200000e-01	3.799460601800000e+01
4.862695932400000e-01	3.800071334800000e+01
4.883127510500000e-01	3.800671386700000e+01
4.903558790700000e-01	3.801260376000000e+01
4.923990368800000e-01	3.801838684100000e+01
4.944421947000000e-01	3.802406692500000e+01
4.964853525200000e-01	3.802964782700000e+01
4.985284805300000e-01	3.803512573200000e+01
5.005716085400000e-01	3.804050445600000e+01
5.026147961600000e-01	3.804578781100000e+01
5.046579241800000e-01	3.805097580000000e+01
5.067010521899999e-01	3.805607223500000e+01
5.087442398100001e-01	3.806107711800000e+01
5.107873678200000e-01	3.806599044800000e+01
5.128304958300000e-01	3.807081985500000e+01
5.148736834500000e-01	3.807555770900000e+01
5.169168114700000e-01	3.808021545400000e+01
5.189599990800000e-01	3.808478546100000e+01
5.210031271000000e-01	3.808927536000000e+01
5.230462551100000e-01	3.809368515000000e+01
5.250894427300000e-01	3.809801483200000e+01
5.271325707400000e-01	3.810226821900000e+01
5.291756987600000e-01	3.810644531200000e+01
5.312188863800000e-01	3.811054992700000e+01
5.332620143900000e-01	3.811457824700000e+01
5.353051424000000e-01	3.811853408800000e+01
5.373483300200000e-01	3.812242126500000e+01
5.393914580300000e-01	3.812623977700000e+01
5.414346456500000e-01	3.812998962400000e+01
5.434777736700001e-01	3.813367080700000e+01
5.455209016800000e-01	3.813728714000000e+01
5.475640893000000e-01	3.814083862300000e+01
5.496072173100000e-01	3.814432907100000e+01
5.516503453300000e-01	3.814775466900000e+01
5.536935329400000e-01	3.815111923200000e+01
5.557366609600000e-01	3.815442276000000e+01
5.577797889700000e-01	3.815766906700000e+01
5.598229765900000e-01	3.816085815400000e+01
5.618661046000000e-01	3.816399002100000e+01
5.639092922200000e-01	3.816706848100000e+01
5.659524202300000e-01	3.817008972200000e+01
5.679955482500000e-01	3.817305374100000e+01
5.700387358700000e-01	3.817596817000000e+01
5.720818638800000e-01	3.817883300800000e+01
5.741249918900000e-01	3.818164444000000e+01
5.761681795100000e-01	3.818440628100000e+01
5.782113075300001e-01	3.818711853000000e+01
5.802544355400000e-01	3.818978118900000e+01
5.822976231600000e-01	3.819239807100000e+01
5.843407511700000e-01	3.819496917700000e+01
5.863839387899999e-01	3.819749450700000e+01
5.884270668000000e-01	3.819997406000000e+01
5.904701948200000e-01	3.820241165200000e+01
5.925133824300000e-01	3.820480346700000e+01
5.945565104500000e-01	3.820715332000000e+01
5.965996384600000e-01	3.820946121200000e+01
5.986428260800000e-01	3.821172714200000e+01
6.006859540900000e-01	3.821395492600000e+01
6.027290821100000e-01	3.821614456200000e+01
6.047722697300000e-01	3.821829223600000e+01
6.068153977400000e-01	3.822040176400000e+01
6.088585257500000e-01	3.822247695900000e+01
6.109017133700000e-01	3.822451019300000e+01
6.129448413800000e-01	3.822651290900000e+01
6.149880290000000e-01	3.822847747800000e+01
6.170311570200000e-01	3.823040771500000e+01
6.190742850299999e-01	3.823230361900000e+01
6.211174726499999e-01	3.823416519200000e+01
6.231606006600000e-01	3.823599243200000e+01
6.252037286800000e-01	3.823778915400000e+01
6.272469162900000e-01	3.823955535900000e+01
6.292900443100000e-01	3.824128723100000e+01
6.313331723200000e-01	3.824298858600000e+01
6.333763599400000e-01	3.824466323900000e+01
6.354194879500000e-01	3.824630355800000e+01
6.374626755700000e-01	3.824791717500000e+01
6.395058035900000e-01	3.824950408900000e+01
6.415489316000000e-01	3.825106048600000e+01
6.435921192200000e-01	3.825259017900000e+01
6.456352472300000e-01	3.825409317000000e+01
6.476783752400000e-01	3.825556945800000e+01
6.497215628600000e-01	3.825701904300000e+01
6.517646908800000e-01	3.825844192500000e+01
6.538078188899999e-01	3.825984191900000e+01
6.558510065099999e-01	3.826121521000000e+01
6.578941345200000e-01	3.826256179800000e+01
6.599373221400000e-01	3.826388931300000e+01
6.619804501500000e-01	3.826519012500000e+01
6.640235781700000e-01	3.826647186300000e+01
6.660667657900000e-01	3.826772689800000e+01
6.681098938000000e-01	3.826896286000000e+01
6.701530218100000e-01	3.827017593400000e+01
6.721962094300000e-01	3.827136611900000e+01
6.742393374400000e-01	3.827253341700000e+01
6.762824654600000e-01	3.827368545500000e+01
6.783256530800000e-01	3.827481460600000e+01
6.803687810900000e-01	3.827592086800000e+01
6.824119687100000e-01	3.827701187100000e+01
6.844550967200000e-01	3.827807998700000e+01
6.864982247400000e-01	3.827913284300000e+01
6.885414123500000e-01	3.828016662600000e+01
6.905845403700001e-01	3.828118133500000e+01
6.926276683800000e-01	3.828217697100000e+01
6.946708560000000e-01	3.828315353400000e+01
6.967139840100000e-01	3.828411483800000e+01
6.987571120300000e-01	3.828506088300000e+01
7.008002996400000e-01	3.828598785400000e+01
7.028434276600000e-01	3.828689956700000e+01
7.048866152800000e-01	3.828779602100000e+01
7.069297432900000e-01	3.828867340100000e+01
7.089728713000000e-01	3.828953933700000e+01
7.110160589200000e-01	3.829038620000000e+01
7.130591869400000e-01	3.829122161900000e+01
7.151023149500000e-01	3.829203796400000e+01
7.171455025700000e-01	3.829284286500000e+01
7.191886305800000e-01	3.829363250700000e+01
7.212317585900000e-01	3.829441070600000e+01
7.232749462100000e-01	3.829517364500000e+01
7.253180742300001e-01	3.829592132600000e+01
7.273612618400001e-01	3.829665756200000e+01
7.294043898600000e-01	3.829737854000000e+01
7.314475178700000e-01	3.829808807400000e+01
7.334907054900000e-01	3.829878616300000e+01
7.355338335000000e-01	3.829947280900000e+01
7.375769615200000e-01	3.830014419600000e+01
7.396201491400000e-01	3.830080795300000e+01
7.416632771500000e-01	3.830145645100000e+01
7.437064051600000e-01	3.830209350600000e+01
7.457495927800000e-01	3.830271911600000e+01
7.477927207900000e-01	3.830333709700000e+01
7.498359084100000e-01	3.830393981900000e+01
7.518790364300000e-01	3.830453491200000e+01
7.539221644400000e-01	3.830511856100000e+01
7.559653520600000e-01	3.830569076500000e+01
7.580084800700000e-01	3.830625534100000e+01
7.600516080900001e-01	3.830680847200000e+01
7.620947957000000e-01	3.830735397300000e+01
7.641379237200000e-01	3.830788421600000e+01
7.661810517300000e-01	3.830841064500000e+01
7.682242393499999e-01	3.830892562900000e+01
7.702673673600000e-01	3.830943298300000e+01
7.723104953800000e-01	3.830992889400000e+01
7.743536829900000e-01	3.831041717500000e+01
7.763968110100000e-01	3.831089782700000e+01
7.784399986300000e-01	3.831136703500000e+01
7.804831266400000e-01	3.831183242800000e+01
7.825262546500000e-01	3.831228637700000e+01
7.845694422700000e-01	3.831273269700000e+01
7.866125702900000e-01	3.831317138700000e+01
7.886556983000000e-01	3.831360244800000e+01
7.906988859200000e-01	3.831402587900000e+01
7.927420139300000e-01	3.831444168100000e+01
7.947851419400001e-01	3.831484985400000e+01
7.968283295600000e-01	3.831525421100000e+01
7.988714575800000e-01	3.831564712500000e+01
8.009146452000000e-01	3.831603622400000e+01
8.029577732099999e-01	3.831641387900000e+01
8.050009012200000e-01	3.831678772000000e+01
8.070440888400000e-01	3.831715774500000e+01
8.090872168500000e-01	3.831751632700000e+01
8.111303448700000e-01	3.831787109400000e+01
8.131735324900000e-01	3.831822204600000e+01
8.152166605000000e-01	3.831856155400000e+01
8.172597885100000e-01	3.831889724700000e+01
8.193029761300000e-01	3.831922912600000e+01
8.213461041500000e-01	3.831955337500000e+01
8.233892917600000e-01	3.831986999500000e+01
8.254324197800000e-01	3.832018280000000e+01
8.274755477900000e-01	3.832049179100000e+01
8.295187354100000e-01	3.832079315200000e+01
8.315618634200000e-01	3.832109069800000e+01
8.336049914400000e-01	3.832138061500000e+01
8.356481790500000e-01	3.832166671800000e+01
8.376913070699999e-01	3.832194900500000e+01
8.397344350800000e-01	3.832222747800000e+01
8.417776227000000e-01	3.832249832200000e+01
8.438207507100000e-01	3.832276535000000e+01
8.458639383300000e-01	3.832302475000000e+01
8.479070663500000e-01	3.832328414900000e+01
8.499501943600000e-01	3.832353591900000e+01
8.519933819800000e-01	3.832378387500000e+01
8.540365099900000e-01	3.832402801500000e+01
8.560796380000000e-01	3.832426834100000e+01
8.581228256200000e-01	3.832450485200000e+01
8.601659536400000e-01	3.832473373400000e+01
8.622090816500000e-01	3.832496261600000e+01
8.642522692700000e-01	3.832518386800000e+01
8.662953972800000e-01	3.832540512100000e+01
8.683385849000000e-01	3.832561874400000e+01
8.703817129100000e-01	3.832583236700000e+01
8.724248409299999e-01	3.832603836100000e+01
8.744680285500001e-01	3.832624435400000e+01
8.765111565600000e-01	3.832644271900000e+01
8.785542845700000e-01	3.832664108300000e+01
8.805974721900000e-01	3.832683563200000e+01
8.826406002000000e-01	3.832702255200000e+01
8.846837282200000e-01	3.832720947300000e+01
8.867269158400000e-01	3.832739257800000e+01
8.887700438500000e-01	3.832757568400000e+01
8.908132314700000e-01	3.832775116000000e+01
8.928563594800000e-01	3.832792663600000e+01
8.948994875000000e-01	3.832809829700000e+01
8.969426751100000e-01	3.832826614400000e+01
8.989858031300000e-01	3.832843017600000e+01
9.010289311400000e-01	3.832859039300000e+01
9.030721187600000e-01	3.832875061000000e+01
9.051152467700000e-01	3.832890701300000e+01
9.071583747900001e-01	3.832905960100000e+01
9.092015624000001e-01	3.832921218900000e+01
9.112446904200000e-01	3.832936096200000e+01
9.132878184300000e-01	3.832950592000000e+01
9.153310060500000e-01	3.832964706400000e+01
9.173741340600000e-01	3.832978820800000e+01
9.194173216800000e-01	3.832992553700000e+01
9.214604497000000e-01	3.833006286600000e+01
9.235035777100000e-01	3.833019638100000e+01
9.255467653300000e-01	3.833032608000000e+01
9.275898933400000e-01	3.833045578000000e+01
9.296330213500000e-01	3.833058166500000e+01
9.316762089700000e-01	3.833070373500000e+01
9.337193369900000e-01	3.833082580600000e+01
9.357624650000000e-01	3.833094787600000e+01
9.378056526200000e-01	3.833106613200000e+01
9.398487806300000e-01	3.833118057300000e+01
9.418919682500000e-01	3.833129501300000e+01
9.439350962600001e-01	3.833140564000000e+01
9.459782242800000e-01	3.833151626600000e+01
9.480214119000000e-01	3.833162307700000e+01
9.500645399099999e-01	3.833172607400000e+01
9.521076679200000e-01	3.833183288600000e+01
9.541508555400000e-01	3.833193206800000e+01
9.561939835500000e-01	3.833203506500000e+01
9.582371115700000e-01	3.833213424700000e+01
9.602802991900000e-01	3.833222961400000e+01
9.623234272000000e-01	3.833232498200000e+01
9.643666148200000e-01	3.833241653400000e+01
9.664097428300000e-01	3.833250808700000e+01
9.684528708500000e-01	3.833259964000000e+01
9.704960584600000e-01	3.833268737800000e+01
9.725391864800000e-01	3.833277511600000e+01
9.745823144900000e-01	3.833285903900000e+01
9.766255021100000e-01	3.833294296300000e+01
9.786686301200000e-01	3.833302688600000e+01
9.807117581400000e-01	3.833310699500000e+01
9.827549457600000e-01	3.833318710300000e+01
9.847980737699999e-01	3.833326339700000e+01
9.868412613899999e-01	3.833334350600000e+01
9.888843894000000e-01	3.833341598500000e+01
9.909275174100000e-01	3.833349227900000e+01
9.929707050300000e-01	3.833356475800000e+01
9.950138330500000e-01	3.833363723800000e+01
9.970569610600000e-01	3.833370590200000e+01
9.991001486800000e-01	3.833377456700000e+01
1.001143217100000e+00	3.833384323100000e+01
1.003186345100000e+00	3.833390808100000e+01
1.005229592300000e+00	3.833397293100000e+01
1.007272720300000e+00	3.833403778100000e+01
1.009315848400000e+00	3.833410263100000e+01
1.011358976400000e+00	3.833416366600000e+01
1.013402104400000e+00	3.833422470100000e+01
1.015445351600000e+00	3.833428573600000e+01
1.017488479600000e+00	3.833434295700000e+01
1.019531607600000e+00	3.833440017700000e+01
1.021574735600000e+00	3.833445739700000e+01
1.023617863700000e+00	3.833451461800000e+01
1.025660991700000e+00	3.833456802400000e+01
1.027704238900000e+00	3.833462142900000e+01
1.029747366900000e+00	3.833467483500000e+01
1.031790494900000e+00	3.833472824100000e+01
1.033833622900000e+00	3.833477783200000e+01
1.035876750900000e+00	3.833482742300000e+01
1.037919998200000e+00	3.833487701400000e+01
1.039963126200000e+00	3.833492660500000e+01
1.042006254200000e+00	3.833497238200000e+01
1.044049382200000e+00	3.833501815800000e+01
1.046092510200000e+00	3.833506393400000e+01
1.048135638200000e+00	3.833510971100000e+01
1.050178885500000e+00	3.833515548700000e+01
1.052222013500000e+00	3.833519744900000e+01
1.054265141500000e+00	3.833523941000000e+01
1.056308269500000e+00	3.833528137200000e+01
1.058351397500000e+00	3.833532333400000e+01
1.060394644700000e+00	3.833536529500000e+01
1.062437772800000e+00	3.833540344200000e+01
1.064480900800000e+00	3.833544158900000e+01
1.066524028800000e+00	3.833547973600000e+01
1.068567156800000e+00	3.833551788300000e+01
1.070610284800000e+00	3.833555603000000e+01
1.072653532000000e+00	3.833559417700000e+01
1.074696660000000e+00	3.833562851000000e+01
1.076739788100000e+00	3.833566284200000e+01
1.078782916100000e+00	3.833569717400000e+01
1.080826044100000e+00	3.833573150600000e+01
1.082869291300000e+00	3.833576583900000e+01
1.084912419300000e+00	3.833579635600000e+01
1.086955547300000e+00	3.833583068800000e+01
1.088998675300000e+00	3.833586120600000e+01
1.091041803400000e+00	3.833566665600000e+01
1.093084931400000e+00	3.833259201000000e+01
1.095128178600000e+00	3.832562637300000e+01
1.097171306600000e+00	3.831359863300000e+01
1.099214434600000e+00	3.829508209200000e+01
1.101257562600000e+00	3.826820755000000e+01
1.103300690700000e+00	3.823041915900000e+01
1.105343937900000e+00	3.817797470100000e+01
1.107387065900000e+00	3.810951232900000e+01
1.109430193900000e+00	3.802363586400000e+01
1.111473321900000e+00	3.791717910800000e+01
1.113516449900000e+00	3.778608703600000e+01
1.115559577900000e+00	3.762519836400000e+01
1.117602825200000e+00	3.742801284800000e+01
1.119645953200000e+00	3.718661499000000e+01
1.121689081200000e+00	3.689209365800000e+01
1.123732209200000e+00	3.653590774500000e+01
1.125775337200000e+00	3.611277389500000e+01
1.127818584400000e+00	3.562459945700000e+01
1.129861712500000e+00	3.508297348000000e+01
1.131904840500000e+00	3.450743103000000e+01
1.133947968500000e+00	3.391992950400000e+01
1.135991096500000e+00	3.333947372400000e+01
1.138034224500000e+00	3.277972030600000e+01
1.140077471700000e+00	3.224915313700000e+01
1.142120599700000e+00	3.175228881800000e+01
1.144163727800000e+00	3.129091262800000e+01
1.146206855800000e+00	3.086499786400000e+01
1.148249983800000e+00	3.047336387600000e+01
1.150293231000000e+00	3.011412429800000e+01
1.152336359000000e+00	2.978500938400000e+01
1.154379487000000e+00	2.948359870900000e+01
1.156422615100000e+00	2.920747184800000e+01
1.158465743100000e+00	2.895430183400000e+01
1.160508871100000e+00	2.872192001300000e+01
1.162552118300000e+00	2.850833129900000e+01
1.164595246300000e+00	2.831172943100000e+01
1.166638374300000e+00	2.813048744200000e+01
1.168681502300000e+00	2.796315002400000e+01
1.170724630400000e+00	2.780841636700000e+01
1.172767877600000e+00	2.766512489300000e+01
1.174811005600000e+00	2.753224372900000e+01
1.176854133600000e+00	2.740884399400000e+01
1.178897261600000e+00	2.729410362200000e+01
1.180940389600000e+00	2.718728256200000e+01
1.182983517600000e+00	2.708771705600000e+01
1.185026764900000e+00	2.699481201200000e+01
1.187069892900000e+00	2.690803337100000e+01
1.189113020900000e+00	2.682689666700000e+01
1.191156148900000e+00	2.675096702600000e+01
1.193199276900000e+00	2.667984771700000e+01
1.195242524100000e+00	2.661318016100000e+01
1.197285652200000e+00	2.655063819900000e+01
1.199328780200000e+00	2.649192428600000e+01
1.201371908200000e+00	2.643676757800000e+01
1.203415036200000e+00	2.638492012000000e+01
1.205458164200000e+00	2.633615303000000e+01
1.207501411400000e+00	2.629025840800000e+01
1.209544539500000e+00	2.624704551700000e+01
1.211587667500000e+00	2.620633316000000e+01
1.213630795500000e+00	2.616796112100000e+01
1.215673923500000e+00	2.613177871700000e+01
1.217717051500000e+00	2.609764480600000e+01
1.219760298700000e+00	2.606542968800000e+01
1.221803426700000e+00	2.603501510600000e+01
1.223846554800000e+00	2.600628852800000e+01
1.225889682800000e+00	2.597914505000000e+01
1.227932810800000e+00	2.595349121100000e+01
1.229976058000000e+00	2.592923545800000e+01
1.232019186000000e+00	2.590629196200000e+01
1.234062314000000e+00	2.588458442700000e+01
1.236105442000000e+00	2.586403846700000e+01
1.238148570100000e+00	2.584458732600000e+01
1.240191698100000e+00	2.582616615300000e+01
1.242234945300000e+00	2.580871582000000e+01
1.244278073300000e+00	2.579217720000000e+01
1.246321201300000e+00	2.577650070200000e+01
1.248364329300000e+00	2.576163482700000e+01
1.250407457400000e+00	2.574753570600000e+01
1.252450704600000e+00	2.573415947000000e+01
1.254493832600000e+00	2.572146415700000e+01
1.256536960600000e+00	2.570941162100000e+01
1.258580088600000e+00	2.569796752900000e+01
1.260623216600000e+00	2.568709564200000e+01
1.262666344600000e+00	2.567676734900000e+01
1.264709591900000e+00	2.566695022600000e+01
1.266752719900000e+00	2.565761756900000e+01
1.268795847900000e+00	2.564874267600000e+01
1.270838975900000e+00	2.564030075100000e+01
1.272882103900000e+00	2.563226890600000e+01
1.274925351100000e+00	2.562462425200000e+01
1.276968479200000e+00	2.561734771700000e+01
1.279011607200000e+00	2.561042022700000e+01
1.281054735200000e+00	2.560382080100000e+01
1.283097863200000e+00	2.559753418000000e+01
1.285140991200000e+00	2.559154319800000e+01
1.287184238400000e+00	2.558583450300000e+01
1.289227366400000e+00	2.558039093000000e+01
1.291270494500000e+00	2.557520103500000e+01
1.293313622500000e+00	2.557025146500000e+01
1.295356750500000e+00	2.556552887000000e+01
1.297399997700000e+00	2.556102371200000e+01
1.299443125700000e+00	2.555672454800000e+01
1.301486253700000e+00	2.555262184100000e+01
1.303529381800000e+00	2.554870414700000e+01
1.305572509800000e+00	2.554496383700000e+01
1.307615637800000e+00	2.554139137300000e+01
1.309658885000000e+00	2.553797912600000e+01
1.311702013000000e+00	2.553471946700000e+01
1.313745141000000e+00	2.553160476700000e+01
1.315788269000000e+00	2.552862739600000e+01
1.317831397100000e+00	2.552578353900000e+01
1.319874644300000e+00	2.552306366000000e+01
1.321917772300000e+00	2.552046394300000e+01
1.323960900300000e+00	2.551797866800000e+01
1.326004028300000e+00	2.551560211200000e+01
1.328047156300000e+00	2.551332855200000e+01
1.330090284300000e+00	2.551115417500000e+01
1.332133531600000e+00	2.550907516500000e+01
1.334176659600000e+00	2.550708580000000e+01
1.336219787600000e+00	2.550518226600000e+01
1.338262915600000e+00	2.550336074800000e+01
1.340306043600000e+00	2.550161743200000e+01
1.342349290800000e+00	2.549994850200000e+01
1.344392418900000e+00	2.549835205100000e+01
1.346435546900000e+00	2.549682426500000e+01
1.348478674900000e+00	2.549536132800000e+01
1.350521802900000e+00	2.549395942700000e+01
1.352564930900000e+00	2.549261856100000e+01
1.354608178100000e+00	2.549133491500000e+01
1.356651306200000e+00	2.549010467500000e+01
1.358694434200000e+00	2.548892593400000e+01
1.360737562200000e+00	2.548779869100000e+01
1.362780690200000e+00	2.548671913100000e+01
1.364823937400000e+00	2.548568344100000e+01
1.366867065400000e+00	2.548469352700000e+01
1.368910193400000e+00	2.548374366800000e+01
1.370953321500000e+00	2.548283386200000e+01
1.372996449500000e+00	2.548196220400000e+01
1.375039577500000e+00	2.548112869300000e+01
1.377082824700000e+00	2.548032760600000e+01
1.379125952700000e+00	2.547956275900000e+01
1.381169080700000e+00	2.547882843000000e+01
1.383212208700000e+00	2.547812461900000e+01
1.385255336800000e+00	2.547744941700000e+01
1.387298584000000e+00	2.547680473300000e+01
1.389341712000000e+00	2.547618484500000e+01
1.391384840000000e+00	2.547559166000000e+01
1.393427968000000e+00	2.547502327000000e+01
1.395471096000000e+00	2.547447776800000e+01
1.397514224100000e+00	2.547395515400000e+01
1.399557471300000e+00	2.547345542900000e+01
1.401600599300000e+00	2.547297477700000e+01
1.403643727300000e+00	2.547251510600000e+01
1.405686855300000e+00	2.547207450900000e+01
1.407729983300000e+00	2.547165107700000e+01
1.409773230600000e+00	2.547124481200000e+01
1.411816358600000e+00	2.547085762000000e+01
1.413859486600000e+00	2.547048568700000e+01
1.415902614600000e+00	2.547012710600000e+01
1.417945742600000e+00	2.546978569000000e+01
1.419988870600000e+00	2.546945762600000e+01
1.422032117800000e+00	2.546914291400000e+01
1.424075245900000e+00	2.546884155300000e+01
1.426118373900000e+00	2.546855163600000e+01
1.428161501900000e+00	2.546827507000000e+01
1.430204629900000e+00	2.546800804100000e+01
1.432247877100000e+00	2.546775436400000e+01
1.434291005100000e+00	2.546751022300000e+01
1.436334133100000e+00	2.546727562000000e+01
1.438377261200000e+00	2.546705055200000e+01
1.440420389200000e+00	2.546683502200000e+01
1.442463517200000e+00	2.546662902800000e+01
1.444506764400000e+00	2.546643066400000e+01
1.446549892400000e+00	2.546623992900000e+01
1.448593020400000e+00	2.546605873100000e+01
1.450636148500000e+00	2.546588325500000e+01
1.452679276500000e+00	2.546571731600000e+01
1.454722523700000e+00	2.546555519100000e+01
1.456765651700000e+00	2.546540260300000e+01
1.458808779700000e+00	2.546525383000000e+01
1.460851907700000e+00	2.546511268600000e+01
1.462895035700000e+00	2.546497726400000e+01
1.464938163800000e+00	2.546484565700000e+01
1.466981411000000e+00	2.546472168000000e+01
1.469024539000000e+00	2.546460151700000e+01
1.471067667000000e+00	2.546448707600000e+01
1.473110795000000e+00	2.546437645000000e+01
1.475153923000000e+00	2.546427154500000e+01
1.477197170300000e+00	2.546417045600000e+01
1.479240298300000e+00	2.546407318100000e+01
1.481283426300000e+00	2.546397972100000e+01
1.483326554300000e+00	2.546389007600000e+01
1.485369682300000e+00	2.546380424500000e+01
1.487412810300000e+00	2.546372222900000e+01
1.489456057500000e+00	2.546364402800000e+01
1.491499185600000e+00	2.546356773400000e+01
1.493542313600000e+00	2.546349525500000e+01
1.495585441600000e+00	2.546342659000000e+01
1.497628569600000e+00	2.546335983300000e+01
1.499671816800000e+00	2.546329498300000e+01
1.501714944800000e+00	2.546329498300000e+01
