time	force
0.000000000000000e+00	2.837583189800000e-03
1.690049888600000e-03	2.837583189800000e-03
3.380099777100000e-03	2.837583189800000e-03
5.070149432900000e-03	2.837583189800000e-03
6.760199554300000e-03	2.837583189800000e-03
8.450249210000000e-03	2.837583189800000e-03
1.014029886600000e-02	2.837583189800000e-03
1.183034852100000e-02	2.837583189800000e-03
1.352039910900000e-02	2.837583189800000e-03
1.521044876400000e-02	2.837583189800000e-03
1.690049842000000e-02	2.837583189800000e-03
1.859054714400000e-02	2.837583189800000e-03
2.028059773100000e-02	2.837583189800000e-03
2.197064831900000e-02	2.837583189800000e-03
2.366069704300000e-02	2.837583189800000e-03
2.535074763000000e-02	2.837583189800000e-03
2.704079821700000e-02	2.837583189800000e-03
2.873084694100000e-02	2.837583189800000e-03
3.042089752900000e-02	2.837583189800000e-03
3.211094811600000e-02	2.837583189800000e-03
3.380099684000000e-02	2.837583189800000e-03
3.549104556400000e-02	2.837583189800000e-03
3.718109428900000e-02	2.837583189800000e-03
3.887114673900000e-02	2.837583189800000e-03
4.056119546300000e-02	2.837583189800000e-03
4.225124418700000e-02	2.837583189800000e-03
4.394129663700000e-02	2.837583189800000e-03
4.563134536100000e-02	2.837583189800000e-03
4.732139408600000e-02	2.837583189800000e-03
4.901144653600000e-02	2.837583189800000e-03
5.070149526000000e-02	2.837583189800000e-03
5.239154398400000e-02	2.837583189800000e-03
5.408159643400000e-02	2.837583189800000e-03
5.577164515900000e-02	2.837583189800000e-03
5.746169388300000e-02	2.837583189800000e-03
5.915174633300000e-02	2.837583189800000e-03
6.084179505700000e-02	2.837583189800000e-03
6.253184378100000e-02	2.837583189800000e-03
6.422189623100000e-02	2.837583189800000e-03
6.591194123000001e-02	2.837583189800000e-03
6.760199368000000e-02	2.837583189800000e-03
6.929203867900000e-02	2.837583189800000e-03
7.098209112900000e-02	2.837583189800000e-03
7.267214357900000e-02	2.837583189800000e-03
7.436218857800000e-02	2.837583189800000e-03
7.605224102700001e-02	2.837583189800000e-03
7.774229347700000e-02	2.837583189800000e-03
7.943233847599999e-02	2.837583189800000e-03
8.112239092600000e-02	2.837583189800000e-03
8.281244337599999e-02	2.837583189800000e-03
8.450248837500000e-02	2.837583189800000e-03
8.619254082400001e-02	2.837583189800000e-03
8.788259327400000e-02	2.837583189800000e-03
8.957263827299999e-02	2.837583189800000e-03
9.126269072300000e-02	3.067377256200000e-03
9.295274317299999e-02	4.397944547200000e-03
9.464278817200000e-02	6.856556050500000e-03
9.633284062100000e-02	1.045232918100000e-02
9.802289307100000e-02	1.526085473600000e-02
9.971293807000001e-02	2.152232639500000e-02
1.014029905200000e-01	2.974294684800000e-02
1.030930429700000e-01	4.079641029200000e-02
1.047830879700000e-01	5.601844191600000e-02
1.064731404200000e-01	7.709454000000000e-02
1.081631928700000e-01	1.057618036900000e-01
1.098532378700000e-01	1.442479640200000e-01
1.115432903200000e-01	1.946192085700000e-01
1.132333427700000e-01	2.585495114300000e-01
1.149233877700000e-01	3.371417224400000e-01
1.166134402200000e-01	4.308403134300000e-01
1.183034926700000e-01	5.394464135200000e-01
1.199935376600000e-01	6.622152924500000e-01
1.216835901100000e-01	7.979990840000000e-01
1.233736425600000e-01	9.453975558300000e-01
1.250636875600000e-01	1.102890729900000e+00
1.267537325600000e-01	1.268941760100000e+00
1.284437924600000e-01	1.442067623100000e+00
1.301338374600000e-01	1.620883345600000e+00
1.318238824600000e-01	1.804124951400000e+00
1.335139274600000e-01	1.990658998500000e+00
1.352039873600000e-01	2.179481029500000e+00
1.368940323600000e-01	2.369710207000000e+00
1.385840773600000e-01	2.560580253600000e+00
1.402741372600000e-01	2.751428365700000e+00
1.419641822600000e-01	2.941684961300000e+00
1.436542272600000e-01	3.130863428100000e+00
1.453442871600000e-01	3.318549633000000e+00
1.470343321600000e-01	3.504394292800000e+00
1.487243771600000e-01	3.688104152700000e+00
1.504144370600000e-01	3.869434833500000e+00
1.521044820500000e-01	4.048184871700000e+00
1.537945270500000e-01	4.224189758300000e+00
1.554845869500000e-01	4.397318363200000e+00
1.571746319500000e-01	4.567465782200000e+00
1.588646769500000e-01	4.734553813900000e+00
1.605547368500000e-01	4.898522853900000e+00
1.622447818500000e-01	5.059333324400000e+00
1.639348268500000e-01	5.216960430100000e+00
1.656248867500000e-01	5.371392726900000e+00
1.673149317500000e-01	5.522631168400000e+00
1.690049767500000e-01	5.670685768100000e+00
1.706950366500000e-01	5.815575599700000e+00
1.723850816500000e-01	5.957326412200000e+00
1.740751266500000e-01	6.095970153800000e+00
1.757651865500000e-01	6.231544017800000e+00
1.774552315500000e-01	6.364089965800000e+00
1.791452765500000e-01	6.493651866900000e+00
1.808353364500000e-01	6.620278358500000e+00
1.825253814500000e-01	6.744018554700000e+00
1.842154264500000e-01	6.864925384500000e+00
1.859054863500000e-01	6.983051300000000e+00
1.875955313400000e-01	7.098450660700000e+00
1.892855763400000e-01	7.211178779600000e+00
1.909756362400000e-01	7.321290969800000e+00
1.926656812400000e-01	7.428842544600000e+00
1.943557262400000e-01	7.533889293700000e+00
1.960457861400000e-01	7.636486053500000e+00
1.977358311400000e-01	7.736688613900000e+00
1.994258761400000e-01	7.834550857500000e+00
2.011159360400000e-01	7.930126667000000e+00
2.028059810400000e-01	8.023469924900001e+00
2.044960260400000e-01	8.114631652800000e+00
2.061860859400000e-01	8.203665733299999e+00
2.078761309400000e-01	8.290621757500000e+00
2.095661759400000e-01	8.375549316400001e+00
2.112562358400000e-01	8.458498001100001e+00
2.129462808400000e-01	8.539515495300000e+00
2.146363258400000e-01	8.618648529100000e+00
2.163263857400000e-01	8.695943832399999e+00
2.180164307400000e-01	8.771446228000000e+00
2.197064757300000e-01	8.845198631300001e+00
2.213965356300000e-01	8.917244911199999e+00
2.230865806300000e-01	8.987627029400000e+00
2.247766256300000e-01	9.056385993999999e+00
2.264666855300000e-01	9.123561859100001e+00
2.281567305300000e-01	9.189192771900000e+00
2.298467755300000e-01	9.253317832900001e+00
2.315368354300000e-01	9.315973281900000e+00
2.332268804300000e-01	9.377195358300000e+00
2.349169254300000e-01	9.437020301800001e+00
2.366069853300000e-01	9.495482444800000e+00
2.382970303300000e-01	9.552613258399999e+00
2.399870753300000e-01	9.608448028600000e+00
2.416771352300000e-01	9.663016319300000e+00
2.433671802300000e-01	9.716349601699999e+00
2.450572252300000e-01	9.768479347200000e+00
2.467472851300000e-01	9.819433212300000e+00
2.484373301300000e-01	9.869240760800000e+00
2.501273751300000e-01	9.917929649400000e+00
2.518174350300000e-01	9.965526580800001e+00
2.535074651200000e-01	1.001205825800000e+01
2.551975250200000e-01	1.005755043000000e+01
2.568875849200000e-01	1.010202884700000e+01
2.585776150200000e-01	1.014551639600000e+01
2.602676749200000e-01	1.018803691900000e+01
2.619577348200000e-01	1.022961521100000e+01
2.636477649200000e-01	1.027027225500000e+01
2.653378248200000e-01	1.031003093700000e+01
2.670278549200000e-01	1.034891128500000e+01
2.687179148200000e-01	1.038693523400000e+01
2.704079747200000e-01	1.042412376400000e+01
2.720980048200000e-01	1.046049404100000e+01
2.737880647200000e-01	1.049606800100000e+01
2.754781246200000e-01	1.053086280800000e+01
2.771681547200000e-01	1.056489753700000e+01
2.788582146200000e-01	1.059818840000000e+01
2.805482745200000e-01	1.063075542400000e+01
2.822383046200000e-01	1.066261291500000e+01
2.839283645200000e-01	1.069377899200000e+01
2.856184244200000e-01	1.072426796000000e+01
2.873084545100000e-01	1.075409698500000e+01
2.889985144100000e-01	1.078328132600000e+01
2.906885743100000e-01	1.081183528900000e+01
2.923786044100000e-01	1.083977317800000e+01
2.940686643100000e-01	1.086710929900000e+01
2.957587242100000e-01	1.089385700200000e+01
2.974487543100000e-01	1.092003059400000e+01
2.991388142100000e-01	1.094564247100000e+01
3.008288741100000e-01	1.097070503200000e+01
3.025189042100000e-01	1.099523258200000e+01
3.042089641100000e-01	1.101923465700000e+01
3.058990240100000e-01	1.104272460900000e+01
3.075890541100000e-01	1.106571388200000e+01
3.092791140100000e-01	1.108821392100000e+01
3.109691739100000e-01	1.111023426100000e+01
3.126592040100000e-01	1.113178825400000e+01
3.143492639100000e-01	1.115288353000000e+01
3.160393238100000e-01	1.117353153200000e+01
3.177293539000000e-01	1.119374275200000e+01
3.194194138100000e-01	1.121352672600000e+01
3.211094737100000e-01	1.123289203600000e+01
3.227995038000000e-01	1.125184822100000e+01
3.244895637000000e-01	1.127040481600000e+01
3.261796236000000e-01	1.128857135800000e+01
3.278696537000000e-01	1.130635452300000e+01
3.295597136000000e-01	1.132376384700000e+01
3.312497735000000e-01	1.134080696100000e+01
3.329398036000000e-01	1.135749340100000e+01
3.346298635000000e-01	1.137382888800000e+01
3.363199234000000e-01	1.138982200600000e+01
3.380099535000000e-01	1.140548133900000e+01
3.397000134000000e-01	1.142081260700000e+01
3.413900733000000e-01	1.143582344100000e+01
3.430801034000000e-01	1.145052051500000e+01
3.447701633000000e-01	1.146491050700000e+01
3.464602232000000e-01	1.147900104500000e+01
3.481502533000000e-01	1.149279785200000e+01
3.498403132000000e-01	1.150630760200000e+01
3.515303731000000e-01	1.151953697200000e+01
3.532204031900000e-01	1.153249073000000e+01
3.549104630900000e-01	1.154517459900000e+01
3.566005229900000e-01	1.155759620700000e+01
3.582905530900000e-01	1.156975936900000e+01
3.599806129900000e-01	1.158167076100000e+01
3.616706728900000e-01	1.159333610500000e+01
3.633607029900000e-01	1.160475921600000e+01
3.650507628900000e-01	1.161594581600000e+01
3.667408227900000e-01	1.162690162700000e+01
3.684308528900000e-01	1.163763046300000e+01
3.701209127900000e-01	1.164813804600000e+01
3.718109726900000e-01	1.165842819200000e+01
3.735010027900000e-01	1.166850662200000e+01
3.751910626900000e-01	1.167837715100000e+01
3.768811225900000e-01	1.168804454800000e+01
3.785711526900000e-01	1.169751262700000e+01
3.802612125900000e-01	1.170678615600000e+01
3.819512724900000e-01	1.171586895000000e+01
3.836413025900000e-01	1.172476482400000e+01
3.853313624900000e-01	1.173347759200000e+01
3.870214223900000e-01	1.174201107000000e+01
3.887114524800000e-01	1.175037002600000e+01
3.904015123800000e-01	1.175855732000000e+01
3.920915722800000e-01	1.176657676700000e+01
3.937816023800000e-01	1.177443122900000e+01
3.954716622800000e-01	1.178212547300000e+01
3.971617221800000e-01	1.178966140700000e+01
3.988517522800000e-01	1.179704380000000e+01
4.005418121800000e-01	1.180427455900000e+01
4.022318720800000e-01	1.181135749800000e+01
4.039219021800000e-01	1.181829547900000e+01
4.056119620800000e-01	1.182509136200000e+01
4.073020219800000e-01	1.183174896200000e+01
4.089920520800000e-01	1.183827018700000e+01
4.106821119800000e-01	1.184465885200000e+01
4.123721718800000e-01	1.185091686200000e+01
4.140622019800000e-01	1.185704708100000e+01
4.157522618800000e-01	1.186305236800000e+01
4.174423217800000e-01	1.186893463100000e+01
4.191323518800000e-01	1.187469768500000e+01
4.208224117800000e-01	1.188034248400000e+01
4.225124716800000e-01	1.188587284100000e+01
4.242025017700000e-01	1.189129066500000e+01
4.258925616700000e-01	1.189659881600000e+01
4.275826215700000e-01	1.190179824800000e+01
4.292726516700000e-01	1.190689182300000e+01
4.309627115700000e-01	1.191188144700000e+01
4.326527714700000e-01	1.191676998100000e+01
4.343428015700000e-01	1.192155933400000e+01
4.360328614700000e-01	1.192625141100000e+01
4.377229213700000e-01	1.193084812200000e+01
4.394129514700000e-01	1.193535137200000e+01
4.411030113700000e-01	1.193976306900000e+01
4.427930712700000e-01	1.194408512100000e+01
4.444831013700000e-01	1.194831943500000e+01
4.461731612700000e-01	1.195246791800000e+01
4.478632211700000e-01	1.195653247800000e+01
4.495532512700000e-01	1.196051502200000e+01
4.512433111700000e-01	1.196441555000000e+01
4.529333710700000e-01	1.196823787700000e+01
4.546234011700000e-01	1.197198295600000e+01
4.563134610700000e-01	1.197565174100000e+01
4.580035209700000e-01	1.197924614000000e+01
4.596935510600000e-01	1.198276805900000e+01
4.613836109600000e-01	1.198621845200000e+01
4.630736708600000e-01	1.198959922800000e+01
4.647637009600000e-01	1.199291133900000e+01
4.664537608600000e-01	1.199615573900000e+01
4.681438207600000e-01	1.199933528900000e+01
4.698338508600000e-01	1.200245094300000e+01
4.715239107600000e-01	1.200550270100000e+01
4.732139706600000e-01	1.200849342300000e+01
4.749040007600000e-01	1.201142311100000e+01
4.765940606600000e-01	1.201429367100000e+01
4.782841205600000e-01	1.201710605600000e+01
4.799741506600000e-01	1.201986217500000e+01
4.816642105600000e-01	1.202256202700000e+01
4.833542704600000e-01	1.202520752000000e+01
4.850443005600000e-01	1.202779960600000e+01
4.867343604600000e-01	1.203033924100000e+01
4.884244203600000e-01	1.203282833100000e+01
4.901144504500000e-01	1.203526592300000e+01
4.918045103500000e-01	1.203765487700000e+01
4.934945702600000e-01	1.203999614700000e+01
4.951846003500000e-01	1.204228973400000e+01
4.968746602500000e-01	1.204453659100000e+01
4.985647201500000e-01	1.204673862500000e+01
5.002547502500000e-01	1.204889583600000e+01
5.019447803500000e-01	1.205101013200000e+01
5.036348700500000e-01	1.205308151200000e+01
5.053249001500000e-01	1.205511093100000e+01
5.070149302500000e-01	1.205709934200000e+01
5.087050199499999e-01	1.205904865300000e+01
5.103950500500000e-01	1.206095790900000e+01
5.120850801500000e-01	1.206282806400000e+01
5.137751698500000e-01	1.206466102600000e+01
5.154651999500000e-01	1.206645774800000e+01
5.171552300500000e-01	1.206821727800000e+01
5.188453197500000e-01	1.206994152100000e+01
5.205353498500001e-01	1.207163143200000e+01
5.222253799400000e-01	1.207328701000000e+01
5.239154696500000e-01	1.207490921000000e+01
5.256054997400000e-01	1.207649898500000e+01
5.272955298400001e-01	1.207805633500000e+01
5.289855599400000e-01	1.207958316800000e+01
5.306756496400000e-01	1.208107852900000e+01
5.323656797400000e-01	1.208254337300000e+01
5.340557098399999e-01	1.208397960700000e+01
5.357457995400000e-01	1.208538627600000e+01
5.374358296400000e-01	1.208676528900000e+01
5.391258597400000e-01	1.208811664600000e+01
5.408159494400000e-01	1.208944034600000e+01
5.425059795400000e-01	1.209073734300000e+01
5.441960096400000e-01	1.209200763700000e+01
5.458860993400000e-01	1.209325313600000e+01
5.475761294400000e-01	1.209447383900000e+01
5.492661595300000e-01	1.209566974600000e+01
5.509562492400000e-01	1.209684181200000e+01
5.526462793400000e-01	1.209799003600000e+01
5.543363094300000e-01	1.209911441800000e+01
5.560263991400000e-01	1.210021686600000e+01
5.577164292300000e-01	1.210129737900000e+01
5.594064593300000e-01	1.210235595700000e+01
5.610965490299999e-01	1.210339355500000e+01
5.627865791300000e-01	1.210440921800000e+01
5.644766092300000e-01	1.210540580700000e+01
5.661666989300000e-01	1.210638141600000e+01
5.678567290300000e-01	1.210733795200000e+01
5.695467591300000e-01	1.210827446000000e+01
5.712368488300000e-01	1.210919284800000e+01
5.729268789300000e-01	1.211009311700000e+01
5.746169090300000e-01	1.211097431200000e+01
5.763069987300000e-01	1.211183834100000e+01
5.779970288300000e-01	1.211268520400000e+01
5.796870589300001e-01	1.211351490000000e+01
5.813771486300000e-01	1.211432743100000e+01
5.830671787300000e-01	1.211512470200000e+01
5.847572088200000e-01	1.211590480800000e+01
5.864472985300000e-01	1.211666965500000e+01
5.881373286200000e-01	1.211741924300000e+01
5.898273587200000e-01	1.211815357200000e+01
5.915174484300000e-01	1.211887359600000e+01
5.932074785200000e-01	1.211957931500000e+01
5.948975086200000e-01	1.212026977500000e+01
5.965875983200000e-01	1.212094688400000e+01
5.982776284200000e-01	1.212161064100000e+01
5.999676585200000e-01	1.212226104700000e+01
6.016577482200000e-01	1.212289810200000e+01
6.033477783200000e-01	1.212352275800000e+01
6.050378084200000e-01	1.212413406400000e+01
6.067278981200001e-01	1.212473392500000e+01
6.084179282200000e-01	1.212532138800000e+01
6.101079583200000e-01	1.212589740800000e+01
6.117980480200000e-01	1.212646198300000e+01
6.134880781199999e-01	1.212701416000000e+01
6.151781082200000e-01	1.212755584700000e+01
6.168681979200000e-01	1.212808704400000e+01
6.185582280200000e-01	1.212860679600000e+01
6.202482581100000e-01	1.212911701200000e+01
6.219383478200000e-01	1.212961673700000e+01
6.236283779100000e-01	1.213010597200000e+01
6.253184080100000e-01	1.213058567000000e+01
6.270084977100000e-01	1.213105583200000e+01
6.286985278100000e-01	1.213151645700000e+01
6.303885579100000e-01	1.213196754500000e+01
6.320786476100000e-01	1.213241004900000e+01
6.337686777100000e-01	1.213284301800000e+01
6.354587078100000e-01	1.213326835600000e+01
6.371487975100000e-01	1.213368415800000e+01
6.388388276100000e-01	1.213409233100000e+01
6.405288577100000e-01	1.213449192000000e+01
6.422189474100000e-01	1.213488292700000e+01
6.439089775100000e-01	1.213526725800000e+01
6.455990076100000e-01	1.213564300500000e+01
6.472890973100000e-01	1.213601207700000e+01
6.489791274100000e-01	1.213637256600000e+01
6.506691575100000e-01	1.213672637900000e+01
6.523592472100000e-01	1.213707351700000e+01
6.540492773100000e-01	1.213741302500000e+01
6.557393074000000e-01	1.213774585700000e+01
6.574293971100000e-01	1.213807296800000e+01
6.591194272000001e-01	1.213839244800000e+01
6.608094573000000e-01	1.213870525400000e+01
6.624995470000000e-01	1.213901233700000e+01
6.641895771000000e-01	1.213931369800000e+01
6.658796071999999e-01	1.213960838300000e+01
6.675696969000000e-01	1.213989734600000e+01
6.692597270000000e-01	1.214018058800000e+01
6.709497571000000e-01	1.214045810700000e+01
6.726398468000000e-01	1.214072990400000e+01
6.743298769000000e-01	1.214099597900000e+01
6.760199070000000e-01	1.214125728600000e+01
6.777099967000000e-01	1.214151287100000e+01
6.794000268000000e-01	1.214176368700000e+01
6.810900569000000e-01	1.214200973500000e+01
6.827801466000000e-01	1.214225006100000e+01
6.844701767000000e-01	1.214248657200000e+01
6.861602067900000e-01	1.214271736100000e+01
6.878502965000000e-01	1.214294433600000e+01
6.895403266000000e-01	1.214316558800000e+01
6.912303566900000e-01	1.214338398000000e+01
6.929204463999999e-01	1.214359664900000e+01
6.946104764900000e-01	1.214380550400000e+01
6.963005065900000e-01	1.214401054400000e+01
6.979905962900000e-01	1.214421081500000e+01
6.996806263899999e-01	1.214440727200000e+01
7.013706564900000e-01	1.214459991500000e+01
7.030607461900000e-01	1.214478874200000e+01
7.047507762900000e-01	1.214497375500000e+01
7.064408063900000e-01	1.214515495300000e+01
7.081308960900000e-01	1.214533329000000e+01
7.098209261900000e-01	1.214550685900000e+01
7.115109562900001e-01	1.214567756700000e+01
7.132010459900000e-01	1.214584446000000e+01
7.148910760900000e-01	1.214600849200000e+01
7.165811061900000e-01	1.214616870900000e+01
7.182711958900000e-01	1.214632606500000e+01
7.199612259900000e-01	1.214648056000000e+01
7.216512560800000e-01	1.214663124100000e+01
7.233413457900000e-01	1.214678001400000e+01
7.250313758900000e-01	1.214692497300000e+01
7.267214059800000e-01	1.214706707000000e+01
7.284114956900000e-01	1.214720630600000e+01
7.301015257800000e-01	1.214734268200000e+01
7.317915558800000e-01	1.214747619600000e+01
7.334816455800000e-01	1.214760780300000e+01
7.351716756800000e-01	1.214773559600000e+01
7.368617057800000e-01	1.214786148100000e+01
7.385517954800001e-01	1.214798545800000e+01
7.402418255800000e-01	1.214810562100000e+01
7.419318556800000e-01	1.214822483100000e+01
7.436219453800000e-01	1.214834022500000e+01
7.453119754800001e-01	1.214845466600000e+01
7.470020055800000e-01	1.214856624600000e+01
7.486920952800000e-01	1.214867496500000e+01
7.503821253800000e-01	1.214878177600000e+01
7.520721554799999e-01	1.214888668100000e+01
7.537622451800000e-01	1.214898967700000e+01
7.554522752800000e-01	1.214909076700000e+01
7.571423053700000e-01	1.214918899500000e+01
7.588323950800000e-01	1.214928627000000e+01
7.605224251700000e-01	1.214938068400000e+01
7.622124552700000e-01	1.214947414400000e+01
7.639025449800000e-01	1.214956474300000e+01
7.655925750700000e-01	1.214965343500000e+01
7.672826051700000e-01	1.214974117300000e+01
7.689726948700000e-01	1.214982700300000e+01
7.706627249700000e-01	1.214991092700000e+01
7.723527550700000e-01	1.214999294300000e+01
7.740428447700000e-01	1.215007400500000e+01
7.757328748700000e-01	1.215015316000000e+01
7.774229049700000e-01	1.215023040800000e+01
7.791129946699999e-01	1.215030574800000e+01
7.808030247700000e-01	1.215038013500000e+01
7.824930548700000e-01	1.215045356800000e+01
7.841831445700000e-01	1.215052509300000e+01
7.858731746700000e-01	1.215059471100000e+01
7.875632047700000e-01	1.215066337600000e+01
7.892532944700000e-01	1.215073013300000e+01
7.909433245700001e-01	1.215079593700000e+01
7.926333546600000e-01	1.215086078600000e+01
7.943234443700000e-01	1.215092372900000e+01
7.960134744600000e-01	1.215098571800000e+01
7.977035045600001e-01	1.215104675300000e+01
7.993935942600000e-01	1.215110588100000e+01
8.010836243600000e-01	1.215116405500000e+01
8.027736544600000e-01	1.215122127500000e+01
8.044637441600000e-01	1.215127754200000e+01
8.061537742600000e-01	1.215133190200000e+01
8.078438043600000e-01	1.215138626100000e+01
8.095338940600000e-01	1.215143871300000e+01
8.112239241600000e-01	1.215149021100000e+01
8.129139542600000e-01	1.215154075600000e+01
8.146040439600000e-01	1.215159034700000e+01
8.162940740600000e-01	1.215163898500000e+01
8.179841041600000e-01	1.215168666800000e+01
8.196741938600000e-01	1.215173339800000e+01
8.213642239600000e-01	1.215177917500000e+01
8.230542540600000e-01	1.215182399700000e+01
8.247443437600001e-01	1.215186786700000e+01
8.264343738600000e-01	1.215191078200000e+01
8.281244039500000e-01	1.215195274400000e+01
8.298144936600000e-01	1.215199375200000e+01
8.315045237499999e-01	1.215203476000000e+01
8.331945538500000e-01	1.215207481400000e+01
8.348846435500000e-01	1.215211296100000e+01
8.365746736500000e-01	1.215215110800000e+01
8.382647037500000e-01	1.215218830100000e+01
8.399547934500000e-01	1.215222549400000e+01
8.416448235500000e-01	1.215226078000000e+01
8.433348536500000e-01	1.215229606600000e+01
8.450249433500000e-01	1.215233039900000e+01
8.467149734500000e-01	1.215236473100000e+01
8.484050035500000e-01	1.215239715600000e+01
8.500950932500000e-01	1.215242958100000e+01
8.517851233500000e-01	1.215246200600000e+01
8.534751534500000e-01	1.215249252300000e+01
8.551652431500000e-01	1.215252304100000e+01
8.568552732500000e-01	1.215255260500000e+01
8.585453033400000e-01	1.215258216900000e+01
8.602353930500000e-01	1.215261077900000e+01
8.619254231500000e-01	1.215263938900000e+01
8.636154532400000e-01	1.215266704600000e+01
8.653055429500000e-01	1.215269374800000e+01
8.669955730400000e-01	1.215272045100000e+01
8.686856031400000e-01	1.215274620100000e+01
8.703756928400000e-01	1.215277099600000e+01
8.720657229400000e-01	1.215279674500000e+01
8.737557530400000e-01	1.215282058700000e+01
8.754458427400000e-01	1.215284442900000e+01
8.771358728400001e-01	1.215286827100000e+01
8.788259029400000e-01	1.215289115900000e+01
8.805159926400000e-01	1.215291309400000e+01
8.822060227400000e-01	1.215293598200000e+01
8.838960528399999e-01	1.215295696300000e+01
8.855861425400000e-01	1.215297794300000e+01
8.872761726400000e-01	1.215299892400000e+01
8.889662027400000e-01	1.215301990500000e+01
8.906562924400000e-01	1.215303897900000e+01
8.923463225400000e-01	1.215305900600000e+01
8.940363526300000e-01	1.215307807900000e+01
8.957264423400000e-01	1.215309715300000e+01
8.974164724300000e-01	1.215311527300000e+01
8.991065025300000e-01	1.215313339200000e+01
9.007965922400000e-01	1.215315055800000e+01
9.024866223300000e-01	1.215316772500000e+01
9.041766524300000e-01	1.215318489100000e+01
9.058667421300000e-01	1.215320205700000e+01
9.075567722300000e-01	1.215321826900000e+01
9.092468023300000e-01	1.215323352800000e+01
9.109368920299999e-01	1.215324974100000e+01
9.126269221300000e-01	1.215326499900000e+01
9.143169522300000e-01	1.215328025800000e+01
9.160070419300000e-01	1.215329456300000e+01
9.176970720299999e-01	1.215330886800000e+01
9.193871021300000e-01	1.215332317400000e+01
9.210771918300000e-01	1.215333652500000e+01
9.227672219300000e-01	1.215335083000000e+01
9.244572520300000e-01	1.215336418200000e+01
9.261473417300000e-01	1.215337657900000e+01
9.278373718300000e-01	1.215338993100000e+01
9.295274019200001e-01	1.215340232800000e+01
9.312174916300000e-01	1.215341472600000e+01
9.329075217200000e-01	1.215342617000000e+01
9.345975518200000e-01	1.215343761400000e+01
9.362876415300000e-01	1.215345001200000e+01
9.379776716200000e-01	1.215346050300000e+01
9.396677017200000e-01	1.215347194700000e+01
9.413577914200000e-01	1.215348243700000e+01
9.430478215200000e-01	1.215349388100000e+01
9.447378516200000e-01	1.215350341800000e+01
9.464279413200000e-01	1.215351390800000e+01
9.481179714200000e-01	1.215352439900000e+01
9.498080015200000e-01	1.215353393600000e+01
9.514980912200000e-01	1.215354347200000e+01
9.531881213200000e-01	1.215355300900000e+01
9.548781514200000e-01	1.215356254600000e+01
9.565682411200001e-01	1.215357112900000e+01
9.582582712200000e-01	1.215357971200000e+01
9.599483013200000e-01	1.215358829500000e+01
9.616383910200000e-01	1.215359687800000e+01
9.633284211199999e-01	1.215360546100000e+01
9.650184512100000e-01	1.215361404400000e+01
9.667085409200000e-01	1.215362167400000e+01
9.683985710100000e-01	1.215362930300000e+01
9.700886011099999e-01	1.215363693200000e+01
9.717786908100000e-01	1.215364456200000e+01
9.734687209100000e-01	1.215365219100000e+01
9.751587510100000e-01	1.215365982100000e+01
9.768488407100000e-01	1.215366649600000e+01
9.785388708100000e-01	1.215367317200000e+01
9.802289009100000e-01	1.215367984800000e+01
9.819189906100000e-01	1.215368652300000e+01
9.836090207100000e-01	1.215369319900000e+01
9.852990508100000e-01	1.215369987500000e+01
9.869891405100000e-01	1.215370655100000e+01
9.886791706100000e-01	1.215371227300000e+01
9.903692007100000e-01	1.215371799500000e+01
9.920592904100000e-01	1.215372467000000e+01
9.937493205100000e-01	1.215373039200000e+01
9.954393506100000e-01	1.215373611500000e+01
9.971294403099999e-01	1.215374088300000e+01
9.988194704100000e-01	1.215374660500000e+01
1.000509500500000e+00	1.215375232700000e+01
1.002199530600000e+00	1.215375709500000e+01
1.003889560700000e+00	1.215376281700000e+01
1.005579590800000e+00	1.215376758600000e+01
1.007269740100000e+00	1.215377235400000e+01
1.008959770200000e+00	1.215377712200000e+01
1.010649800300000e+00	1.215378189100000e+01
1.012339830400000e+00	1.215378665900000e+01
1.014029860500000e+00	1.215379142800000e+01
1.015719890600000e+00	1.215379524200000e+01
1.017410039900000e+00	1.215380001100000e+01
1.019100070000000e+00	1.215380382500000e+01
1.020790100100000e+00	1.215380859400000e+01
1.022480130200000e+00	1.215381240800000e+01
1.024170160300000e+00	1.215381622300000e+01
1.025860190400000e+00	1.215382099200000e+01
1.027550339700000e+00	1.215382480600000e+01
1.029240369800000e+00	1.215382862100000e+01
1.030930399900000e+00	1.215383148200000e+01
1.032620430000000e+00	1.215383529700000e+01
1.034310460100000e+00	1.215383911100000e+01
1.036000490200000e+00	1.215384292600000e+01
1.037690639500000e+00	1.215384578700000e+01
1.039380669600000e+00	1.215384960200000e+01
1.041070699700000e+00	1.215385246300000e+01
1.042760729800000e+00	1.215385627700000e+01
1.044450759900000e+00	1.215385913800000e+01
1.046140790000000e+00	1.215386200000000e+01
1.047830939300000e+00	1.215386486100000e+01
1.049520969400000e+00	1.215386772200000e+01
1.051210999500000e+00	1.215387058300000e+01
1.052901029600000e+00	1.215387344400000e+01
1.054591059700000e+00	1.215387630500000e+01
1.056281089800000e+00	1.215387916600000e+01
1.057971119900000e+00	1.215388202700000e+01
1.059661269200000e+00	1.215388488800000e+01
1.061351299300000e+00	1.215388679500000e+01
1.063041329400000e+00	1.215388965600000e+01
1.064731359500000e+00	1.215389251700000e+01
1.066421389600000e+00	1.215389442400000e+01
1.068111419700000e+00	1.215389728500000e+01
1.069801569000000e+00	1.215389919300000e+01
1.071491599100000e+00	1.215390205400000e+01
1.073181629200000e+00	1.215390396100000e+01
1.074871659300000e+00	1.215390586900000e+01
1.076561689400000e+00	1.215390777600000e+01
1.078251719500000e+00	1.215391063700000e+01
1.079941868800000e+00	1.215391254400000e+01
1.081631898900000e+00	1.215391445200000e+01
1.083321929000000e+00	1.215391635900000e+01
1.085011959100000e+00	1.215391826600000e+01
1.086701989200000e+00	1.215392017400000e+01
1.088392019300000e+00	1.215392208100000e+01
1.090082168600000e+00	1.215392398800000e+01
1.091772198700000e+00	1.215364074700000e+01
1.093462228800000e+00	1.215267944300000e+01
1.095152258900000e+00	1.215078258500000e+01
1.096842289000000e+00	1.214767551400000e+01
1.098532319100000e+00	1.214304065700000e+01
1.100222468400000e+00	1.213650703400000e+01
1.101912498500000e+00	1.212761306800000e+01
1.103602528600000e+00	1.211576652500000e+01
1.105292558700000e+00	1.210016632100000e+01
1.106982588800000e+00	1.208036994900000e+01
1.108672618900000e+00	1.205613613100000e+01
1.110362768200000e+00	1.202689743000000e+01
1.112052798300000e+00	1.199197101600000e+01
1.113742828400000e+00	1.195053100600000e+01
1.115432858500000e+00	1.190158462500000e+01
1.117122888600000e+00	1.184394836400000e+01
1.118812918700000e+00	1.177623176600000e+01
1.120503068000000e+00	1.169686031300000e+01
1.122193098100000e+00	1.160414695700000e+01
1.123883128200000e+00	1.149647045100000e+01
1.125573158300000e+00	1.137257671400000e+01
1.127263188400000e+00	1.123198318500000e+01
1.128953218500000e+00	1.107534790000000e+01
1.130643367800000e+00	1.090457153300000e+01
1.132333397900000e+00	1.072249984700000e+01
1.134023428000000e+00	1.053232193000000e+01
1.135713458100000e+00	1.033698654200000e+01
1.137403488200000e+00	1.013887023900000e+01
1.139093518300000e+00	9.939721107500000e+00
1.140783667600000e+00	9.740745544399999e+00
1.142473697700000e+00	9.542757034299999e+00
1.144163727800000e+00	9.346291542099999e+00
1.145853757900000e+00	9.151701927200000e+00
1.147543788000000e+00	8.959222793600000e+00
1.149233818100000e+00	8.769009590100000e+00
1.150923967400000e+00	8.581167221099999e+00
1.152613997500000e+00	8.395767211900001e+00
1.154304027600000e+00	8.212858200099999e+00
1.155994057700000e+00	8.032476425200000e+00
1.157684087800000e+00	7.854644775400000e+00
1.159374117900000e+00	7.679382324200000e+00
1.161064267200000e+00	7.506701946300000e+00
1.162754297300000e+00	7.336614131900000e+00
1.164444327400000e+00	7.169125080100000e+00
1.166134357500000e+00	7.004240036000000e+00
1.167824387600000e+00	6.841961383800000e+00
1.169514417600000e+00	6.682290554000000e+00
1.171204567000000e+00	6.525227546700000e+00
1.172894597100000e+00	6.370769977600000e+00
1.174584627200000e+00	6.218914508800000e+00
1.176274657200000e+00	6.069656848900000e+00
1.177964687300000e+00	5.922990322100000e+00
1.179654717400000e+00	5.778908252700000e+00
1.181344866800000e+00	5.637402057600000e+00
1.183034896900000e+00	5.498461723300000e+00
1.184724926900000e+00	5.362075805700000e+00
1.186414957000000e+00	5.228232383700000e+00
1.188104987100000e+00	5.096917152400000e+00
1.189795017200000e+00	4.968116760300000e+00
1.191485166500000e+00	4.841814041100000e+00
1.193175196600000e+00	4.717992305800000e+00
1.194865226700000e+00	4.596633911100000e+00
1.196555256800000e+00	4.477719783800000e+00
1.198245286900000e+00	4.361229419700000e+00
1.199935317000000e+00	4.247141361200000e+00
1.201625466300000e+00	4.135434627500000e+00
1.203315496400000e+00	4.026085376700000e+00
1.205005526500000e+00	3.919070005400000e+00
1.206695556600000e+00	3.814363956500000e+00
1.208385586700000e+00	3.711941719100000e+00
1.210075616800000e+00	3.611777067200000e+00
1.211765766100000e+00	3.513843298000000e+00
1.213455796200000e+00	3.418112516400000e+00
1.215145826300000e+00	3.324556827500000e+00
1.216835856400000e+00	3.233147382700000e+00
1.218525886500000e+00	3.143854856500000e+00
1.220215916600000e+00	3.056649446500000e+00
1.221906065900000e+00	2.971500873600000e+00
1.223596096000000e+00	2.888378620100000e+00
1.225286126100000e+00	2.807251691800000e+00
1.226976156200000e+00	2.728088617300000e+00
1.228666186300000e+00	2.650857687000000e+00
1.230356216400000e+00	2.575527191200000e+00
1.232046365700000e+00	2.502065181700000e+00
1.233736395800000e+00	2.430438995400000e+00
1.235426425900000e+00	2.360616445500000e+00
1.237116456000000e+00	2.292565345800000e+00
1.238806486100000e+00	2.226252794300000e+00
1.240496516200000e+00	2.161646366100000e+00
1.242186665500000e+00	2.098713636400000e+00
1.243876695600000e+00	2.037421703300000e+00
1.245566725700000e+00	1.977738738100000e+00
1.247256755800000e+00	1.919632077200000e+00
1.248946785900000e+00	1.863069534300000e+00
1.250636816000000e+00	1.808019161200000e+00
1.252326965300000e+00	1.754449129100000e+00
1.254016995400000e+00	1.702327728300000e+00
1.255707025500000e+00	1.651623725900000e+00
1.257397055600000e+00	1.602305889100000e+00
1.259087085700000e+00	1.554343462000000e+00
1.260777115800000e+00	1.507705926900000e+00
1.262467265100000e+00	1.462362885500000e+00
1.264157295200000e+00	1.418284654600000e+00
1.265847325300000e+00	1.375441551200000e+00
1.267537355400000e+00	1.333804488200000e+00
1.269227385500000e+00	1.293344736100000e+00
1.270917415600000e+00	1.254033803900000e+00
1.272607564900000e+00	1.215843796700000e+00
1.274297595000000e+00	1.178747177100000e+00
1.275987625100000e+00	1.142716765400000e+00
1.277677655200000e+00	1.107725739500000e+00
1.279367685300000e+00	1.073747992500000e+00
1.281057715400000e+00	1.040757656100000e+00
1.282747864700000e+00	1.008729457900000e+00
1.284437894800000e+00	9.776383042300000e-01
1.286127924900000e+00	9.474598765400000e-01
1.287817955000000e+00	9.181701540900000e-01
1.289507985100000e+00	8.897456526800001e-01
1.291198015200000e+00	8.621632456800000e-01
1.292888164500000e+00	8.354004025500000e-01
1.294578194600000e+00	8.094350099600000e-01
1.296268224700000e+00	7.842453718200000e-01
1.297958254800000e+00	7.598103284800000e-01
1.299648284900000e+00	7.361091375400000e-01
1.301338315000000e+00	7.131214737900000e-01
1.303028464300000e+00	6.908276081100000e-01
1.304718494400000e+00	6.692081093800000e-01
1.306408524500000e+00	6.482440829300000e-01
1.308098554600000e+00	6.279170513200000e-01
1.309788584700000e+00	6.082089543300000e-01
1.311478614800000e+00	5.891022682200000e-01
1.313168764100000e+00	5.705797076200000e-01
1.314858794200000e+00	5.526245832400000e-01
1.316548824300000e+00	5.352205038100000e-01
1.318238854400000e+00	5.183516144800000e-01
1.319928884500000e+00	5.020022988300000e-01
1.321618914600000e+00	4.861575365100000e-01
1.323309063900000e+00	4.708025157500000e-01
1.324999094000000e+00	4.559229314300000e-01
1.326689124100000e+00	4.415047466800000e-01
1.328379154200000e+00	4.275343716100000e-01
1.330069184300000e+00	4.139986038200000e-01
1.331759214400000e+00	4.008845090900000e-01
1.333449363700000e+00	3.881795406300000e-01
1.335139393800000e+00	3.758715391200000e-01
1.336829423900000e+00	3.639485836000000e-01
1.338519454000000e+00	3.523991704000000e-01
1.340209484100000e+00	3.412120640300000e-01
1.341899514200000e+00	3.303763568400000e-01
1.343589663500000e+00	3.198814094100000e-01
1.345279693600000e+00	3.097169697300000e-01
1.346969723700000e+00	2.998729646200000e-01
1.348659753800000e+00	2.903397083300000e-01
1.350349783900000e+00	2.811076939100000e-01
1.352039814000000e+00	2.721678018600000e-01
1.353729963300000e+00	2.635110318700000e-01
1.355419993400000e+00	2.551287710700000e-01
1.357110023500000e+00	2.470125705000000e-01
1.358800053600000e+00	2.391542643300000e-01
1.360490083700000e+00	2.315459251400000e-01
1.362180113800000e+00	2.241798639300000e-01
1.363870263100000e+00	2.170485705100000e-01
1.365560293200000e+00	2.101448029300000e-01
1.367250323300000e+00	2.034615129200000e-01
1.368940353400000e+00	1.969918608700000e-01
1.370630383500000e+00	1.907292306400000e-01
1.372320413600000e+00	1.846671551500000e-01
1.374010562900000e+00	1.787994056900000e-01
1.375700593000000e+00	1.731199324100000e-01
1.377390623100000e+00	1.676228195400000e-01
1.379080653200000e+00	1.623024046400000e-01
1.380770683300000e+00	1.571531295800000e-01
1.382460713400000e+00	1.521696448300000e-01
1.384150862700000e+00	1.473467350000000e-01
1.385840892800000e+00	1.426793485900000e-01
1.387530922900000e+00	1.381626129200000e-01
1.389220953000000e+00	1.337917596100000e-01
1.390910983100000e+00	1.295621991200000e-01
1.392601013200000e+00	1.254694759800000e-01
1.394291162500000e+00	1.215092465300000e-01
1.395981192600000e+00	1.176773309700000e-01
1.397671222700000e+00	1.139696538400000e-01
1.399361252800000e+00	1.103822886900000e-01
1.401051282900000e+00	1.069114059200000e-01
1.402741313000000e+00	1.035533025900000e-01
1.404431462300000e+00	1.003043875100000e-01
1.406121492400000e+00	9.716119617200000e-02
1.407811522500000e+00	9.412033855900000e-02
1.409501552600000e+00	9.117856621700000e-02
1.411191582700000e+00	8.833271265000001e-02
1.412881612800000e+00	8.557970076800001e-02
1.414571762100000e+00	8.291655778900001e-02
1.416261792200000e+00	8.034041523900000e-02
1.417951822300000e+00	7.784847915199999e-02
1.419641852400000e+00	7.543804496500001e-02
1.421331882500000e+00	7.310649752600000e-02
1.423021912600000e+00	7.085129618600000e-02
1.424712061900000e+00	6.866998970500000e-02
1.426402092000000e+00	6.656019389600000e-02
1.428092122100000e+00	6.451959908000000e-02
1.429782152200000e+00	6.254598498300000e-02
1.431472182300000e+00	6.063717603700000e-02
1.433162212400000e+00	5.879108607800000e-02
1.434852361700000e+00	5.700568482300000e-02
1.436542391800000e+00	5.527900531900000e-02
1.438232421900000e+00	5.360914766800000e-02
1.439922452000000e+00	5.199426785100000e-02
1.441612482100000e+00	5.043258518000000e-02
1.443302512200000e+00	4.892237111900000e-02
1.444992661500000e+00	4.746195673900000e-02
1.446682691600000e+00	4.604971781400000e-02
1.448372721700000e+00	4.468408599500000e-02
1.450062751800000e+00	4.336354881500000e-02
1.451752781900000e+00	4.208663478500000e-02
1.453442812000000e+00	4.085191711800000e-02
1.455132961300000e+00	3.965802863200000e-02
1.456822991400000e+00	3.850362822400000e-02
1.458513021500000e+00	3.738743066800000e-02
1.460203051600000e+00	3.630818426600000e-02
1.461893081700000e+00	3.526467829900000e-02
1.463583111800000e+00	3.425574675200000e-02
1.465273261100000e+00	3.328025713600000e-02
1.466963291200000e+00	3.233711421500000e-02
1.468653321300000e+00	3.142525255700000e-02
1.470343351400000e+00	3.054364956900000e-02
1.472033381500000e+00	2.969131246200000e-02
1.473723411600000e+00	2.886727638500000e-02
1.475413560900000e+00	2.807061374200000e-02
1.477103591000000e+00	2.730042301100000e-02
1.478793621100000e+00	2.655583433800000e-02
1.480483651200000e+00	2.583600580700000e-02
1.482173681300000e+00	2.514011785400000e-02
1.483863711400000e+00	2.446738630500000e-02
1.485553860700000e+00	2.381704375100000e-02
1.487243890800000e+00	2.318835444700000e-02
1.488933920900000e+00	2.258060127500000e-02
1.490623951000000e+00	2.199309505500000e-02
1.492313981100000e+00	2.142516337300000e-02
1.494004011200000e+00	2.087616361700000e-02
1.495694160500000e+00	2.034546621100000e-02
1.497384190600000e+00	1.983246766000000e-02
1.499074220700000e+00	1.933658123000000e-02
1.500764250800000e+00	1.933658123000000e-02
