time	vel
0.000000000000000e+00	0.000000000000000e+00
1.801714300999999e-03	5.874242051500000e-04
3.603395075000002e-03	1.933757797800000e-03
5.404975265000000e-03	3.966874908700000e-03
7.206335664000002e-03	6.597351282800000e-03
9.007334709000003e-03	9.722252376400000e-03
1.080781221400000e-02	1.322955824400000e-02
1.260756701300000e-02	1.700286939700000e-02
1.440639793900000e-02	2.092604711700000e-02
1.620408892700000e-02	2.488746680300000e-02
1.800043881000001e-02	2.878364734400000e-02
1.979522407100000e-02	3.252210840600000e-02
2.158824354400000e-02	3.602337464700000e-02
2.337931841599999e-02	3.922214731600000e-02
2.516827732300000e-02	4.206771776100000e-02
2.695495635300001e-02	4.452374205000000e-02
2.873923629500000e-02	4.656747356100000e-02
3.052101284300000e-02	4.818864911800000e-02
3.230019658800000e-02	4.938810318700000e-02
3.407672792700001e-02	5.017625168000000e-02
3.585056960600000e-02	5.057153105700000e-02
3.762169927400000e-02	5.059888213900000e-02
3.939013183100000e-02	5.028831213700000e-02
4.115587472899999e-02	4.967357218300000e-02
4.291897267100001e-02	4.879096895500000e-02
4.467947780700000e-02	4.767834022600000e-02
4.643744230700000e-02	4.637414217000000e-02
4.819295555700000e-02	4.491670057200000e-02
4.994608461699999e-02	4.334354773200000e-02
5.169691890700000e-02	4.169089347100000e-02
5.344554781700001e-02	3.999315202200000e-02
5.519207566700000e-02	3.828256949800000e-02
5.693657696700000e-02	3.658891841800000e-02
5.867915600700001e-02	3.493921831300000e-02
6.041989475700001e-02	3.335751965600000e-02
6.215888261700001e-02	3.186476230600000e-02
6.389620154700000e-02	3.047860972600000e-02
6.563191860700000e-02	2.921340242000000e-02
6.736610829700000e-02	2.808009833100000e-02
6.909882277700000e-02	2.708628960000000e-02
7.083012163700000e-02	2.623626776000000e-02
7.256005704700000e-02	2.553112246100000e-02
7.428865134700000e-02	2.496891468800000e-02
7.601594924700000e-02	2.454488538200000e-02
7.774196564700001e-02	2.425170876100000e-02
7.946671545700001e-02	2.407980337700000e-02
8.119021355700001e-02	2.401766181000000e-02
8.291245996700000e-02	2.405221946500000e-02
8.463345467700001e-02	2.416922524600000e-02
8.635319769700001e-02	2.435364015400000e-02
8.807168900699999e-02	2.459001354900000e-02
8.978888392699999e-02	2.486284636000000e-02
9.150481223699999e-02	2.515695244100000e-02
9.321941435700001e-02	2.545775473100000e-02
9.493272006700001e-02	2.575157769000000e-02
9.664468467699999e-02	2.602586895200000e-02
9.835529327699999e-02	2.626939863000000e-02
1.000645607670000e-01	2.647239901100000e-02
1.017724573570000e-01	2.662665769500000e-02
1.034789830470000e-01	2.672558650400000e-02
1.051841378170000e-01	2.676421590100000e-02
1.068879067870000e-01	2.673918940100000e-02
1.085903048470000e-01	2.664869837500000e-02
1.102913320070000e-01	2.649240568300000e-02
1.119910031570000e-01	2.627133578100000e-02
1.136893182970000e-01	2.598775737000000e-02
1.153863072370000e-01	2.564503811300000e-02
1.170819848770000e-01	2.524751238500000e-02
1.187763661170000e-01	2.480031922500000e-02
1.204694807570000e-01	2.430925332000000e-02
1.221613585970000e-01	2.378061600000000e-02
1.238520145370000e-01	2.322105877100000e-02
1.255414932970000e-01	2.263744548000000e-02
1.272298097570000e-01	2.203671075400000e-02
1.289170086370000e-01	2.142573706800000e-02
1.306031048270000e-01	2.081122808200000e-02
1.322881579370000e-01	2.019960805800000e-02
1.339721828670000e-01	1.959691941700000e-02
1.356551945170000e-01	1.900873705700000e-02
1.373372524970000e-01	1.844010129600000e-02
1.390183866070000e-01	1.789545454100000e-02
1.406985968370000e-01	1.737859472600000e-02
1.423779278970000e-01	1.689263992000000e-02
1.440564095970000e-01	1.644001714900000e-02
1.457340419270000e-01	1.602244749700000e-02
1.474108844970000e-01	1.564095541800000e-02
1.490869224070000e-01	1.529589016000000e-02
1.507621854570000e-01	1.498694624800000e-02
1.524367034470000e-01	1.471321750400000e-02
1.541104614770000e-01	1.447323523500000e-02
1.557835042470000e-01	1.426503248500000e-02
1.574558168670000e-01	1.408620737500000e-02
1.591274142270000e-01	1.393399015100000e-02
1.607983261370000e-01	1.380532234900000e-02
1.624685227870000e-01	1.369692571500000e-02
1.641380339870000e-01	1.360538322500000e-02
1.658068746370000e-01	1.352720893900000e-02
1.674750149270000e-01	1.345892250500000e-02
1.691424846670000e-01	1.339711621400000e-02
1.708092838570000e-01	1.333851460400000e-02
1.724754124870000e-01	1.328003406500000e-02
1.741408556670000e-01	1.321883034000000e-02
1.758056581070000e-01	1.315233856400000e-02
1.774697899870000e-01	1.307830866400000e-02
1.791332662070000e-01	1.299482677100000e-02
1.807960867870000e-01	1.290033757700000e-02
1.824582666170000e-01	1.279364805700000e-02
1.841197907970000e-01	1.267393026500000e-02
1.857806891170000e-01	1.254071667800000e-02
1.874409615970000e-01	1.239388529200000e-02
1.891006082270000e-01	1.223364379300000e-02
1.907596439170000e-01	1.206050440700000e-02
1.924180835470000e-01	1.187525503300000e-02
1.940759122370000e-01	1.167892944100000e-02
1.957331597770000e-01	1.147277094400000e-02
1.973898410770000e-01	1.125819981100000e-02
1.990459561370000e-01	1.103677135000000e-02
2.007015347470000e-01	1.081013865800000e-02
2.023565471170000e-01	1.058002002500000e-02
2.040110528470000e-01	1.034815609500000e-02
2.056650221370000e-01	1.011627726300000e-02
2.073184847870000e-01	9.886071085900000e-03
2.089714705970000e-01	9.659151546700001e-03
2.106239795670000e-01	9.437031112600001e-03
2.122760117070000e-01	9.221096523100001e-03
2.139275670070000e-01	9.012587368500000e-03
2.155787050770000e-01	8.812582120300000e-03
2.172293663070000e-01	8.621982298800001e-03
2.188796102970000e-01	8.441504091000000e-03
2.205294668670000e-01	8.271674625600000e-03
2.221788763970000e-01	8.112828247200001e-03
2.238278985070000e-01	7.965112105000000e-03
2.254765033770000e-01	7.828488014600000e-03
2.271247506170000e-01	7.702746894200000e-03
2.287725806270000e-01	7.587516214700000e-03
2.304200530070000e-01	7.482276763800000e-03
2.320671379570000e-01	7.386378943900000e-03
2.337138652770000e-01	7.299060933300000e-03
2.353602349770000e-01	7.219468709100000e-03
2.370062470470000e-01	7.146677002300000e-03
2.386519014870000e-01	7.079709321300000e-03
2.402971982970000e-01	7.017558440600000e-03
2.419421672870000e-01	6.959209218600000e-03
2.435867786370000e-01	6.903655827000000e-03
2.452310323670000e-01	6.849919911500000e-03
2.468749582770000e-01	6.797070149300000e-03
2.485185563570000e-01	6.744235288400000e-03
2.501617968070000e-01	6.690617650700000e-03
2.518047094370000e-01	6.635504774700000e-03
2.534473240370000e-01	6.578278262200000e-03
2.550895810170000e-01	6.518420763300000e-03
2.567315101670000e-01	6.455519702300000e-03
2.583731412870000e-01	6.389268674000000e-03
2.600144445870000e-01	6.319470703600000e-03
2.616554498670000e-01	6.246031262000000e-03
2.632961273170000e-01	6.168958265300000e-03
2.649365067470000e-01	6.088355556100000e-03
2.665765881570000e-01	6.004413124200000e-03
2.682163715370000e-01	5.917402450000000e-03
2.698558568970000e-01	5.827663466300000e-03
2.714950442270000e-01	5.735595710600000e-03
2.731339633470000e-01	5.641648080200000e-03
2.747726142370000e-01	5.546304862900000e-03
2.764109671070000e-01	5.450076889200000e-03
2.780490517570000e-01	5.353488493700000e-03
2.796868979970000e-01	5.257066339300000e-03
2.813244461970000e-01	5.161329638200000e-03
2.829617559870000e-01	5.066779442100000e-03
2.845988273670000e-01	4.973890259900000e-03
2.862356305170000e-01	4.883101210000000e-03
2.878722250470000e-01	4.794809036000000e-03
2.895085513570000e-01	4.709362983700000e-03
2.911446690570000e-01	4.627058748200000e-03
2.927805483370000e-01	4.548135679200000e-03
2.944161891970000e-01	4.472774453500000e-03
2.960516214370000e-01	4.401097074200000e-03
2.976868450670000e-01	4.333165008600000e-03
2.993218302770000e-01	4.268982447700000e-03
3.009566366670000e-01	4.208498168700000e-03
3.025912046470000e-01	4.151606932300000e-03
3.042255938070000e-01	4.098157864100000e-03
3.058597743470000e-01	4.047955386300000e-03
3.074937462770000e-01	4.000766668500000e-03
3.091275393970000e-01	3.956327214800000e-03
3.107611238970000e-01	3.914347849800000e-03
3.123944997770000e-01	3.874520072700000e-03
3.140276968470000e-01	3.836523741500000e-03
3.156607151070000e-01	3.800032893200000e-03
3.172935247470000e-01	3.764722496300000e-03
3.189261853670000e-01	3.730274038400000e-03
3.205586373770000e-01	3.696381580100000e-03
3.221909105770000e-01	3.662756644200000e-03
3.238230049570000e-01	3.629132406800000e-03
3.254549205270000e-01	3.595268121000000e-03
3.270866572870000e-01	3.560951910900000e-03
3.287182152270000e-01	3.526003565600000e-03
3.303495943570000e-01	3.490275936200000e-03
3.319807946670000e-01	3.453656798200000e-03
3.336118459670000e-01	3.416067687800000e-03
3.352427184570000e-01	3.377465065600000e-03
3.368734419370000e-01	3.337838221300000e-03
3.385039865970000e-01	3.297209041200000e-03
3.401343822470000e-01	3.255628049400000e-03
3.417645990870000e-01	3.213173244100000e-03
3.433946669070000e-01	3.169946838200000e-03
3.450245559170000e-01	3.126071766000000e-03
