simulation	experiment
0.000000000000000e+00	6.719955056900000e-02
6.701830425300000e-04	6.719955056900000e-02
1.340366085100000e-03	6.719955056900000e-02
2.680732170100000e-03	6.719955056900000e-02
3.350915154400000e-03	6.719955056900000e-02
4.691281355900000e-03	6.719955056900000e-02
5.361464340200000e-03	6.719955056900000e-02
6.701830308900000e-03	6.719955056900000e-02
7.372013293200000e-03	6.719955056900000e-02
8.712379261899999e-03	6.719955056900000e-02
9.382562711800000e-03	6.719955056900000e-02
1.072292868000000e-02	6.719955056900000e-02
1.139311119900000e-02	6.719955056900000e-02
1.273347809900000e-02	6.719955056900000e-02
1.340366061800000e-02	6.719955056900000e-02
1.474402658600000e-02	6.719960272300000e-02
1.541421003600000e-02	6.720142811500000e-02
1.675457507400000e-02	6.736333668199999e-02
1.742475852400000e-02	6.794109940500000e-02
1.876512542400000e-02	7.455194741500000e-02
1.943530701100000e-02	8.559501916200001e-02
2.077567391100000e-02	1.542789638000000e-01
2.144585736100000e-02	2.362224012600000e-01
2.278622239800000e-02	5.522770881700000e-01
2.345640584800000e-02	7.848322987600000e-01
2.479677274800000e-02	1.358104944200000e+00
2.546695619800000e-02	1.679866075500000e+00
2.680732123600000e-02	2.353974342300000e+00
2.747750468600000e-02	2.694631338100000e+00
2.881787158500000e-02	3.363389730500000e+00
2.948805317300000e-02	3.686563015000000e+00
3.082842007300000e-02	4.303342819200000e+00
3.149860352300000e-02	4.595417499500000e+00
3.283896669700000e-02	5.125091075900000e+00
3.350915014700000e-02	5.363465309100000e+00
3.484951704700000e-02	5.797206401800000e+00
3.551970049700000e-02	5.995466232300000e+00
3.686006739700000e-02	6.360341072100000e+00
3.753025084700000e-02	6.528724670400000e+00
3.887061402200000e-02	6.840995311700000e+00
3.954079747200000e-02	6.986078739200000e+00
4.088116437200000e-02	7.256666660300000e+00
4.155134782200000e-02	7.383030414600000e+00
4.289171472200000e-02	7.619750499700000e+00
4.356189817200000e-02	7.730749607100000e+00
4.490226507200000e-02	7.939433097800000e+00
4.557244479700000e-02	8.037611961400000e+00
4.691281169700000e-02	8.222740173300000e+00
4.758299514700000e-02	8.310079574600000e+00
4.892336204600000e-02	8.475179672199999e+00
4.959354549600000e-02	8.553252220199999e+00
5.093391239600000e-02	8.701148986800000e+00
5.160409212100000e-02	8.771227836600000e+00
5.294445902100000e-02	8.904223442099999e+00
5.361464247100000e-02	8.967350006100000e+00
5.495500937100000e-02	9.087343215900001e+00
5.562519282100000e-02	9.144384384200000e+00
5.696555972100000e-02	9.252960205100001e+00
5.763574317100000e-02	9.304641723600000e+00
5.897610634600000e-02	9.403136253400000e+00
5.964628979600000e-02	9.450074195899999e+00
6.098665669600000e-02	9.539623260500001e+00
6.165684014600000e-02	9.582342147800000e+00
6.299720704599999e-02	9.663921356199999e+00
6.366738677000000e-02	9.702874183700001e+00
6.433757394600000e-02	9.740661621099999e+00
6.567793339500000e-02	9.812902450599999e+00
6.634812057000000e-02	9.847434043900000e+00
6.768848747000000e-02	9.913499832199999e+00
6.835866719500000e-02	9.945101738000000e+00
6.969903409500000e-02	1.000560188300000e+01
7.036922127000000e-02	1.003456115700000e+01
7.170958071899999e-02	1.009003448500000e+01
7.237976789500000e-02	1.011660289800000e+01
7.372013479500000e-02	1.016752433800000e+01
7.439031451899999e-02	1.019192504900000e+01
7.573068141900000e-02	1.023871612500000e+01
7.640086859500000e-02	1.026114749900000e+01
7.774122804399999e-02	1.030418300600000e+01
7.841141521900000e-02	1.032482242600000e+01
7.975178211900000e-02	1.036443710300000e+01
8.042196184400000e-02	1.038344383200000e+01
8.176232874400000e-02	1.041993713400000e+01
8.243251591900000e-02	1.043745327000000e+01
8.377287536899999e-02	1.047109508500000e+01
8.444306254400000e-02	1.048724842100000e+01
8.578342944400000e-02	1.051828289000000e+01
8.645360916900000e-02	1.053318786600000e+01
8.779397606800000e-02	1.056183338200000e+01
8.846416324400000e-02	1.057559490200000e+01
8.980453014400000e-02	1.060204982800000e+01
9.047470986800001e-02	1.061476326000000e+01
9.181507676800001e-02	1.063920784000000e+01
9.248525649300000e-02	1.065095710800000e+01
9.382562339300000e-02	1.067355537400000e+01
9.449581056799999e-02	1.068441963200000e+01
9.583617746799999e-02	1.070531845100000e+01
9.650635719300001e-02	1.071536922500000e+01
9.784672409300001e-02	1.073470592500000e+01
9.851690381800000e-02	1.074400615700000e+01
9.985727071800000e-02	1.076190376300000e+01
1.005274578900000e-01	1.077051353500000e+01
1.018678247900000e-01	1.078708553300000e+01
1.025380045200000e-01	1.079505920400000e+01
1.038783714200000e-01	1.081040763900000e+01
1.045485511400000e-01	1.081779384600000e+01
1.058889180400000e-01	1.083201503800000e+01
1.065591052200000e-01	1.083885860400000e+01
1.078994721200000e-01	1.085203838300000e+01
1.085696518400000e-01	1.085838222500000e+01
1.099100187400000e-01	1.087060070000000e+01
1.105801984700000e-01	1.087648201000000e+01
1.119205653700000e-01	1.088781166100000e+01
1.125907525400000e-01	1.089326667800000e+01
1.139311194400000e-01	1.090377426100000e+01
1.146012991700000e-01	1.090883445700000e+01
1.159416660700000e-01	1.091858291600000e+01
1.166118457900000e-01	1.092327785500000e+01
1.179522126900000e-01	1.093232345600000e+01
1.186223998700000e-01	1.093668079400000e+01
1.199627667700000e-01	1.094507598900000e+01
1.206329464900000e-01	1.094912052200000e+01
1.219733133900000e-01	1.095691394800000e+01
1.226434931200000e-01	1.096066856400000e+01
1.239838600200000e-01	1.096790599800000e+01
1.246540471900000e-01	1.097139167800000e+01
1.259944140900000e-01	1.097811222100000e+01
1.266645938200000e-01	1.098135089900000e+01
1.273347735400000e-01	1.098451042200000e+01
1.286751478900000e-01	1.099060058600000e+01
1.293453276200000e-01	1.099353599500000e+01
1.306856870700000e-01	1.099919509900000e+01
1.313558667900000e-01	1.100192165400000e+01
1.326962411400000e-01	1.100718021400000e+01
1.333664208700000e-01	1.100971412700000e+01
1.347067952200000e-01	1.101460075400000e+01
1.353769749400000e-01	1.101695632900000e+01
1.367173343900000e-01	1.102149868000000e+01
1.373875141100000e-01	1.102368831600000e+01
1.387278884600000e-01	1.102791118600000e+01
1.393980681900000e-01	1.102994728100000e+01
1.407384425400000e-01	1.103387355800000e+01
1.414086222600000e-01	1.103576660200000e+01
1.427489817100000e-01	1.103941822100000e+01
1.434191614400000e-01	1.104117965700000e+01
1.447595357900000e-01	1.104457569100000e+01
1.454297155100000e-01	1.104621315000000e+01
1.467700898600000e-01	1.104937267300000e+01
1.474402695900000e-01	1.105089569100000e+01
1.487806290400000e-01	1.105383586900000e+01
1.494508087600000e-01	1.105525302900000e+01
1.507911831100000e-01	1.105798816700000e+01
1.514613628400000e-01	1.105930709800000e+01
1.528017371900000e-01	1.106185340900000e+01
1.534719169100000e-01	1.106308078800000e+01
1.548122763600000e-01	1.106545066800000e+01
1.554824560900000e-01	1.106659317000000e+01
1.568228304400000e-01	1.106879901900000e+01
1.574930101600000e-01	1.106986331900000e+01
1.588333845100000e-01	1.107191658000000e+01
1.595035642400000e-01	1.107290744800000e+01
1.608439236900000e-01	1.107481956500000e+01
1.615141034100000e-01	1.107574272200000e+01
1.628544777600000e-01	1.107752323200000e+01
1.635246574900000e-01	1.107838344600000e+01
1.648650318400000e-01	1.108004188500000e+01
1.655352115600000e-01	1.108084297200000e+01
1.668755710100000e-01	1.108238792400000e+01
1.675457507400000e-01	1.108313465100000e+01
1.688861250900000e-01	1.108457469900000e+01
1.695563048100000e-01	1.108526992800000e+01
1.708966791600000e-01	1.108661174800000e+01
1.715668588900000e-01	1.108725929300000e+01
1.729072183400000e-01	1.108851051300000e+01
1.735774129600000e-01	1.108911418900000e+01
1.749177724100000e-01	1.109028053300000e+01
1.755879521400000e-01	1.109084320100000e+01
1.769283264900000e-01	1.109193038900000e+01
1.775985062100000e-01	1.109245491000000e+01
1.789388656600000e-01	1.109346962000000e+01
1.796090602900000e-01	1.109395885500000e+01
1.809494197400000e-01	1.109490394600000e+01
1.816195994600000e-01	1.109536075600000e+01
1.829599738100000e-01	1.109624290500000e+01
1.836301535400000e-01	1.109666919700000e+01
1.849705129900000e-01	1.109749126400000e+01
1.856407076100000e-01	1.109788894700000e+01
1.869810670600000e-01	1.109865665400000e+01
1.876512467900000e-01	1.109902763400000e+01
1.889916211400000e-01	1.109974479700000e+01
1.896618008600000e-01	1.110009002700000e+01
1.903319805900000e-01	1.110042858100000e+01
1.916723549400000e-01	1.110108280200000e+01
1.923425346600000e-01	1.110139846800000e+01
1.936828941100000e-01	1.110200882000000e+01
1.943530738400000e-01	1.110230350500000e+01
1.956934481900000e-01	1.110287380200000e+01
1.963636279100000e-01	1.110314941400000e+01
1.977040022600000e-01	1.110368156400000e+01
1.983741819900000e-01	1.110393810300000e+01
1.997145414400000e-01	1.110443592100000e+01
2.003847211600000e-01	1.110467624700000e+01
2.017250955100000e-01	1.110514068600000e+01
2.023952752400000e-01	1.110536575300000e+01
2.037356495900000e-01	1.110579967500000e+01
2.044058293100000e-01	1.110600948300000e+01
2.057461887600000e-01	1.110641574900000e+01
2.064163684800000e-01	1.110661125200000e+01
2.077567428400000e-01	1.110699081400000e+01
2.084269225600000e-01	1.110717392000000e+01
2.097672969100000e-01	1.110752868700000e+01
2.104374766300000e-01	1.110770034800000e+01
2.117778360800000e-01	1.110803222700000e+01
2.124480307100000e-01	1.110819244400000e+01
2.137883901600000e-01	1.110850334200000e+01
2.144585698800000e-01	1.110865306900000e+01
2.157989442300000e-01	1.110894393900000e+01
2.164691239600000e-01	1.110908412900000e+01
2.178094834100000e-01	1.110935592700000e+01
2.184796780300000e-01	1.110948753400000e+01
2.198200374800000e-01	1.110974121100000e+01
2.204902172100000e-01	1.110986423500000e+01
2.218305915600000e-01	1.111010265400000e+01
2.225007712800000e-01	1.111021804800000e+01
2.238411307300000e-01	1.111044120800000e+01
2.245113253600000e-01	1.111054897300000e+01
2.258516848100000e-01	1.111075782800000e+01
2.265218645300000e-01	1.111085891700000e+01
2.278622388800000e-01	1.111105442000000e+01
2.285324186100000e-01	1.111114883400000e+01
2.298727780600000e-01	1.111133194000000e+01
2.305429726800000e-01	1.111142063100000e+01
2.318833321300000e-01	1.111159229300000e+01
2.325535118600000e-01	1.111167526200000e+01
2.338938862100000e-01	1.111183643300000e+01
2.345640659300000e-01	1.111191463500000e+01
2.359044253800000e-01	1.111206531500000e+01
2.365746200100000e-01	1.111213874800000e+01
2.379149794600000e-01	1.111227989200000e+01
2.385851591800000e-01	1.111234855700000e+01
2.399255335300000e-01	1.111248207100000e+01
2.405957132600000e-01	1.111254596700000e+01
2.419360727100000e-01	1.111267089800000e+01
2.426062673300000e-01	1.111273098000000e+01
2.439466267800000e-01	1.111284828200000e+01
2.446168065100000e-01	1.111290454900000e+01
2.459571808600000e-01	1.111301422100000e+01
2.466273605800000e-01	1.111306762700000e+01
2.479677200300000e-01	1.111317062400000e+01
2.486379146600000e-01	1.111322021500000e+01
2.499782741100000e-01	1.111331749000000e+01
2.506484389300000e-01	1.111336422000000e+01
2.519888281800000e-01	1.111345481900000e+01
2.526589930100000e-01	1.111349868800000e+01
2.539993524600000e-01	1.111358451800000e+01
2.546695470800000e-01	1.111362552600000e+01
2.553397417100000e-01	1.111366653400000e+01
2.566801011600000e-01	1.111374473600000e+01
2.573502957800000e-01	1.111378288300000e+01
2.586906552300000e-01	1.111385726900000e+01
2.593608200600000e-01	1.111389255500000e+01
2.607012093100000e-01	1.111396217300000e+01
2.613713741300000e-01	1.111399555200000e+01
2.627117335800000e-01	1.111406135600000e+01
2.633819282100000e-01	1.111409282700000e+01
2.647222876500000e-01	1.111415481600000e+01
2.653924822800000e-01	1.111418438000000e+01
2.667328417300000e-01	1.111424255400000e+01
2.674030363600000e-01	1.111427021000000e+01
2.687433958100000e-01	1.111432457000000e+01
2.694135904300000e-01	1.111435127300000e+01
2.707539498800000e-01	1.111440181700000e+01
2.714241147000000e-01	1.111442661300000e+01
2.727645039600000e-01	1.111447525000000e+01
2.734346687800000e-01	1.111449909200000e+01
2.747750282300000e-01	1.111454391500000e+01
2.754452228500000e-01	1.111456584900000e+01
2.767855823000000e-01	1.111460876500000e+01
2.774557769300000e-01	1.111462974500000e+01
2.787961363800000e-01	1.111466980000000e+01
2.794663310100000e-01	1.111468982700000e+01
2.808066904500000e-01	1.111472797400000e+01
2.814768850800000e-01	1.111474609400000e+01
2.828172445300000e-01	1.111478233300000e+01
2.834874093500000e-01	1.111479950000000e+01
2.848277986000000e-01	1.111483287800000e+01
2.854979634300000e-01	1.111485004400000e+01
2.868383228800000e-01	1.111488151600000e+01
2.875085175000000e-01	1.111489677400000e+01
2.888488769500000e-01	1.111492729200000e+01
2.895190715800000e-01	1.111494159700000e+01
2.908594310300000e-01	1.111497020700000e+01
2.915296256500000e-01	1.111498355900000e+01
2.928699851000000e-01	1.111501026200000e+01
2.935401797300000e-01	1.111502361300000e+01
2.948805391800000e-01	1.111504840900000e+01
2.955507040000000e-01	1.111506080600000e+01
2.968910932500000e-01	1.111508464800000e+01
2.975612580800000e-01	1.111509418500000e+01
2.989016175300000e-01	1.111508846300000e+01
2.995718121500000e-01	1.111506652800000e+01
3.009121716000000e-01	1.111496067000000e+01
3.015823662300000e-01	1.111486816400000e+01
3.029227256800000e-01	1.111458015400000e+01
3.035929203000000e-01	1.111437320700000e+01
3.049332797500000e-01	1.111380863200000e+01
3.056034743800000e-01	1.111344718900000e+01
3.069438338300000e-01	1.111255741100000e+01
3.076139986500000e-01	1.111202621500000e+01
3.089543879000000e-01	1.111078071600000e+01
3.096245527300000e-01	1.111006259900000e+01
3.109649121800000e-01	1.110842609400000e+01
3.116351068000000e-01	1.110750293700000e+01
3.129754662500000e-01	1.110543251000000e+01
3.136456608800000e-01	1.110427951800000e+01
3.149860203300000e-01	1.110172557800000e+01
3.156562149500000e-01	1.110031700100000e+01
3.169965744000000e-01	1.109721946700000e+01
3.176667690300000e-01	1.109552383400000e+01
3.183369338500000e-01	1.109372425100000e+01
3.196772933000000e-01	1.108979511300000e+01
3.203474879300000e-01	1.108765792800000e+01
3.216878473800000e-01	1.108301067400000e+01
3.223580420000000e-01	1.108049011200000e+01
3.236984014500000e-01	1.107502651200000e+01
3.243685960800000e-01	1.107207107500000e+01
3.257089555300000e-01	1.106567859600000e+01
3.263791501500000e-01	1.106222820300000e+01
3.277195096000000e-01	1.105477905300000e+01
3.283896744300000e-01	1.105076313000000e+01
3.297300636800000e-01	1.104210472100000e+01
3.304002285000000e-01	1.103744316100000e+01
3.317405879500000e-01	1.102740287800000e+01
3.324107825800000e-01	1.102200222000000e+01
3.337511420200000e-01	1.101037883800000e+01
3.344213366500000e-01	1.100413036300000e+01
3.357616961000000e-01	1.099069023100000e+01
3.364318907300000e-01	1.098346900900000e+01
3.377722501800000e-01	1.096794319200000e+01
3.384424448000000e-01	1.095960331000000e+01
3.397828042500000e-01	1.094167900100000e+01
3.404529690700000e-01	1.093205356600000e+01
3.417933583300000e-01	1.091136741600000e+01
3.424635231500000e-01	1.090026092500000e+01
3.438038826000000e-01	1.087639236500000e+01
3.444740772200000e-01	1.086357784300000e+01
3.458144366700000e-01	1.083603763600000e+01
3.464846313000000e-01	1.082124996200000e+01
3.478249907500000e-01	1.078946876500000e+01
3.484951853800000e-01	1.077240181000000e+01
3.498355448200000e-01	1.073571491200000e+01
3.505057394500000e-01	1.071601009400000e+01
3.518460989000000e-01	1.067364406600000e+01
3.525162637200000e-01	1.065088367500000e+01
3.538566529800000e-01	1.060193634000000e+01
3.545268178000000e-01	1.057563209500000e+01
3.558671772500000e-01	1.051905059800000e+01
3.565373718700000e-01	1.048863792400000e+01
3.578777313200000e-01	1.042319965400000e+01
3.585479259500000e-01	1.038801860800000e+01
3.598882854000000e-01	1.031231021900000e+01
3.605584800200000e-01	1.027160358400000e+01
3.618988394700000e-01	1.018400859800000e+01
3.625690341000000e-01	1.013691711400000e+01
3.639093935500000e-01	1.003561687500000e+01
3.645795583700000e-01	9.981185913099999e+00
3.659199476200000e-01	9.864197731000001e+00
3.665901124500000e-01	9.801408767700000e+00
3.679304719000000e-01	9.666675567600000e+00
3.686006665200000e-01	9.594511032100000e+00
3.699410259700000e-01	9.440080642700000e+00
3.706112206000000e-01	9.357636451699999e+00
3.719515800500000e-01	9.181938171400001e+00
3.726217746700000e-01	9.088588714600000e+00
3.739621341200000e-01	8.890802383400001e+00
3.746323287500000e-01	8.786394119300001e+00
3.759726882000000e-01	8.566809654200000e+00
3.766428530200000e-01	8.451812744100000e+00
3.779832422700000e-01	8.212038040200000e+00
3.786534071000000e-01	8.087577819800000e+00
3.799937665500000e-01	7.830443859100000e+00
3.806639611700000e-01	7.698181152300000e+00
3.813341558000000e-01	7.563744545000000e+00
3.826745152500000e-01	7.289245605500000e+00
3.833447098700000e-01	7.149633884400000e+00
3.846850693200000e-01	6.866796016700000e+00
3.853552341500000e-01	6.724000930800000e+00
3.866956234000000e-01	6.436693191500000e+00
3.873657882200000e-01	6.292574882500000e+00
3.887061476700000e-01	6.004348754900000e+00
3.893763423000000e-01	5.860595226300000e+00
3.907167017500000e-01	5.574645519300000e+00
3.913868963700000e-01	5.432765483900000e+00
3.927272558200000e-01	5.151937007900000e+00
3.933974504500000e-01	5.013266086600000e+00
3.947378099000000e-01	4.740055561100000e+00
3.954080045200000e-01	4.605754375500000e+00
3.967483639700000e-01	4.342933177900000e+00
3.974185288000000e-01	4.216301441200000e+00
3.987589180500000e-01	3.971378803300000e+00
3.994290828700000e-01	3.852510929100000e+00
4.007694423200000e-01	3.621505498900000e+00
4.014396369500000e-01	3.509353876100000e+00
4.027799964000000e-01	3.291854143100000e+00
4.034501910200000e-01	3.186560392400000e+00
4.047905504700000e-01	2.983004808400000e+00
4.054607451000000e-01	2.884778499600000e+00
4.068011045500000e-01	2.695479393000000e+00
4.074712991700000e-01	2.604412078900000e+00
4.088116586200000e-01	2.429421424900000e+00
4.094818234400000e-01	2.345476627300000e+00
4.108222127000000e-01	2.184605121600000e+00
4.114923775200000e-01	2.107635021200000e+00
4.128327369700000e-01	1.960494041400000e+00
4.135029315900000e-01	1.890262246100000e+00
4.148432910400000e-01	1.756305694600000e+00
4.155134856700000e-01	1.692507267000000e+00
4.168538451200000e-01	1.571073055300000e+00
4.175240397500000e-01	1.513354301500000e+00
4.188643991900000e-01	1.403699040400000e+00
4.195345938200000e-01	1.351674079900000e+00
4.208749532700000e-01	1.253005266200000e+00
4.215451180900000e-01	1.206270456300000e+00
4.228855073500000e-01	1.117772102400000e+00
4.235556721700000e-01	1.075917601600000e+00
4.248960614200000e-01	9.967722892799999e-01
4.255662262400000e-01	9.593920111699999e-01
4.269065856900000e-01	8.887968659400000e-01
4.275767803200000e-01	8.554957509000000e-01
4.289171397700000e-01	7.926758527800000e-01
4.295873343900000e-01	7.630751133000000e-01
4.309276938400000e-01	7.072927355800001e-01
4.315978884700000e-01	6.810339689300000e-01
4.329382479200000e-01	6.315945982900000e-01
4.336084127400000e-01	6.083420515100000e-01
4.349488019900000e-01	5.645982623100000e-01
4.356189668200000e-01	5.440405011200000e-01
4.369593560700000e-01	5.053938627200000e-01
4.376295208900000e-01	4.872439801700000e-01
4.389698803400000e-01	4.531452655800000e-01
4.396400749700000e-01	4.371407628100000e-01
4.409804344200000e-01	4.070890247800000e-01
4.416506290400000e-01	3.929912746000000e-01
4.429909884900000e-01	3.665321469300000e-01
4.436611831200000e-01	3.541252017000000e-01
4.443313479400000e-01	3.422375917400000e-01
4.456717073900000e-01	3.199378252000000e-01
4.463419020200000e-01	3.094861507400000e-01
4.476822614700000e-01	2.898858785600000e-01
4.483524560900000e-01	2.807019352900000e-01
4.496928155400000e-01	2.634830772900000e-01
4.503630101700000e-01	2.554166615000000e-01
4.517033696200000e-01	2.402955144600000e-01
4.523735642400000e-01	2.332127988300000e-01
4.537139236900000e-01	2.199370861100000e-01
4.543840885200000e-01	2.137192338700000e-01
4.557244777700000e-01	2.020650804000000e-01
4.563946425900000e-01	1.966067701600000e-01
4.577350020400000e-01	1.863760054100000e-01
4.584051966700000e-01	1.815841049000000e-01
4.597455561200000e-01	1.726016253200000e-01
4.604157507400000e-01	1.683938950300000e-01
4.617561101900000e-01	1.605052352000000e-01
4.624263048200000e-01	1.568092107800000e-01
4.637666642700000e-01	1.498783826800000e-01
4.644368588900000e-01	1.466302871700000e-01
4.657772183400000e-01	1.405376941000000e-01
4.664473831700000e-01	1.376815140200000e-01
4.677877724200000e-01	1.323221623900000e-01
4.684579372400000e-01	1.298087686300000e-01
4.697983264900000e-01	1.250906288600000e-01
4.704684913200000e-01	1.228769496100000e-01
4.718088507700000e-01	1.187194362300000e-01
4.724790453900000e-01	1.167678013400000e-01
4.738194048400000e-01	1.131004765600000e-01
4.744895994700000e-01	1.113779693800000e-01
4.758299589200000e-01	1.081393137600000e-01
4.765001535400000e-01	1.066172197500000e-01
4.778405129900000e-01	1.037535890900000e-01
4.785106778100000e-01	1.024068668500000e-01
4.798510670700000e-01	9.987151622800000e-02
4.805212318900000e-01	9.867837280000000e-02
4.818616211400000e-01	9.643060714000000e-02
4.825317859600000e-01	9.537206590199999e-02
4.838721454100000e-01	9.337648749400000e-02
4.845423400400000e-01	9.243603795800000e-02
4.858826994900000e-01	9.066186845300001e-02
4.865528941200000e-01	8.982516825200000e-02
4.878932535600000e-01	8.824562281400000e-02
4.885634481900000e-01	8.750019967600001e-02
4.899038076400000e-01	8.609200269000000e-02
4.905739724600000e-01	8.542699366800000e-02
4.919143617200000e-01	8.416988700600000e-02
4.925845265400000e-01	8.357584476500000e-02
4.939249157900000e-01	8.245218545200000e-02
4.945950806100000e-01	8.192087709900001e-02
4.959354400600000e-01	8.091529458799999e-02
4.966056346900000e-01	8.043953031300000e-02
4.979459941400000e-01	7.953859120600000e-02
4.986161887600000e-01	7.911211252200000e-02
4.999565482100000e-01	7.830408215500000e-02
5.006267428400000e-01	7.792139798400000e-02
5.019670724900001e-01	7.719600200700000e-02
5.026372671100000e-01	7.685229927300000e-02
5.039776563600000e-01	7.620052993300000e-02
5.046477913900000e-01	7.589158415800000e-02
5.059881806400000e-01	7.530550658700000e-02
5.066583752600000e-01	7.502759993100000e-02
5.079987049100000e-01	7.450023293499999e-02
5.086688995400001e-01	7.425009459300000e-02
5.093390941600000e-01	7.400854677000000e-02
5.106794834100000e-01	7.355000823700000e-02
5.113496184300000e-01	7.333243638299999e-02
5.126900076899999e-01	7.291932404000000e-02
5.133602023100000e-01	7.272326201200000e-02
5.147005915600000e-01	7.235092669700000e-02
5.153707265900001e-01	7.217419892500000e-02
5.167111158400000e-01	7.183851301700001e-02
5.173813104600000e-01	7.167915254800000e-02
5.187216401100000e-01	7.137644290900000e-02
5.193918347399999e-01	7.123272865999999e-02
5.207322239900000e-01	7.095970213400001e-02
5.214024186100000e-01	7.083007693300000e-02
5.227427482600000e-01	7.058380544200001e-02
5.234129428900000e-01	7.046687603000000e-02
5.247533321400000e-01	7.024473696899999e-02
5.254234671600000e-01	7.013925910000000e-02
5.267638564100000e-01	6.993888318499999e-02
5.274340510400000e-01	6.984375417200001e-02
5.287743806800000e-01	6.966302543900001e-02
5.294445753100000e-01	6.957722455300000e-02
5.307849645600000e-01	6.941424310200001e-02
5.314551591900000e-01	6.933686882300000e-02
5.327954888300001e-01	6.918991357100000e-02
5.334656834600000e-01	6.912015378500000e-02
5.348060727100000e-01	6.898767501100000e-02
5.354762077300000e-01	6.892479956200000e-02
5.368165969799999e-01	6.880540400700000e-02
5.374867916100000e-01	6.874874234200000e-02
5.388271808600000e-01	6.864117085900000e-02
5.394973158800001e-01	6.859012693200001e-02
5.408377051400000e-01	6.849323213100000e-02
5.415078997600000e-01	6.844726204899999e-02
5.428482294100000e-01	6.836001575000000e-02
5.435184240299999e-01	6.831862777500000e-02
5.448588132900000e-01	6.824009865500000e-02
5.455290079100000e-01	6.820286065300001e-02
5.468693375600000e-01	6.813219934700000e-02
5.475395321800000e-01	6.809870153700000e-02
5.488799214400000e-01	6.803514808400001e-02
5.495500564600000e-01	6.800502538700000e-02
5.508904457100000e-01	6.794788688400000e-02
5.515606403400000e-01	6.792081147400000e-02
5.529009699800000e-01	6.786946952300001e-02
5.535711646100000e-01	6.784513592700001e-02
5.549115538600000e-01	6.779901683300001e-02
5.555817484900000e-01	6.777717173099999e-02
5.569220781300001e-01	6.773576140400001e-02
5.575922727600000e-01	6.771614402499999e-02
5.589326620100000e-01	6.767898052900000e-02
5.596028566400000e-01	6.766138225800000e-02
5.609431862800000e-01	6.762804091000001e-02
5.616133809100000e-01	6.761226058000000e-02
5.629537701600000e-01	6.758236140000000e-02
5.636239051800001e-01	6.756821274800000e-02
5.649642944300000e-01	6.754141300900000e-02
5.656344890600000e-01	6.752873957199999e-02
5.669748187100000e-01	6.750473380100000e-02
5.676450133299999e-01	6.749337166500000e-02
5.689854025800000e-01	6.747187674000001e-02
5.696555972100000e-01	6.746171414900000e-02
5.709959268600000e-01	6.744246929900000e-02
5.716661214800000e-01	6.743337214000000e-02
5.723363161100000e-01	6.742460280699999e-02
5.736766457600000e-01	6.740801781400001e-02
5.743468403799999e-01	6.740017980300000e-02
5.756872296300000e-01	6.738534569700000e-02
5.763574242600000e-01	6.737833470100001e-02
5.776977539100000e-01	6.736508011800001e-02
5.783679485300000e-01	6.735882163000000e-02
5.797083377800000e-01	6.734697520700000e-02
5.803784728100000e-01	6.734137982100000e-02
5.817188620600000e-01	6.733080744700000e-02
5.823890566800000e-01	6.732580810800000e-02
5.837294459300000e-01	6.731636822200000e-02
5.843995809600000e-01	6.731190532400000e-02
5.857399702100000e-01	6.730348616800000e-02
5.864101648300000e-01	6.729950755800000e-02
5.877504944800001e-01	6.729198992300001e-02
5.884206891100000e-01	6.728844344600000e-02
5.897610783600000e-01	6.728174537400000e-02
5.904312729800000e-01	6.727858632800000e-02
5.917716026299999e-01	6.727261096200000e-02
5.924417972600000e-01	6.726979464299999e-02
5.937821865100000e-01	6.726447492800000e-02
5.944523215300000e-01	6.726196408300000e-02
5.957927107800000e-01	6.725722551299999e-02
5.964629054100000e-01	6.725499033900000e-02
5.978032350500000e-01	6.725077331100000e-02
5.984734296799999e-01	6.724878400600000e-02
5.998138189300000e-01	6.724502891299999e-02
6.004840135600000e-01	6.724325567500000e-02
6.018243432000000e-01	6.723991781499999e-02
6.024945378300000e-01	6.723833829200000e-02
6.038349270800000e-01	6.723536551000001e-02
6.045051217100000e-01	6.723396480100000e-02
6.058454513500000e-01	6.723132729500000e-02
6.065156459800000e-01	6.723008304800000e-02
6.078560352300000e-01	6.722773611500001e-02
6.085261702500000e-01	6.722662597900000e-02
6.098665595100000e-01	6.722453981600000e-02
6.105367541300000e-01	6.722355634000000e-02
6.118770837800001e-01	6.722170114500001e-02
6.125472784000000e-01	6.722082942700000e-02
6.138876676600000e-01	6.721918284900000e-02
6.145578622800000e-01	6.721840798900000e-02
6.158981919299999e-01	6.721694767500000e-02
6.165683865500000e-01	6.721625477100000e-02
6.179087758100000e-01	6.721495836999999e-02
6.185789108300001e-01	6.721434742200000e-02
6.199193000800000e-01	6.721320003300001e-02
6.205894947100000e-01	6.721265613999999e-02
6.219298243500000e-01	6.721163541100000e-02
6.226000189799999e-01	6.721115857399999e-02
6.239404082300000e-01	6.721024960300000e-02
6.246106028600000e-01	6.720982491999999e-02
6.259509325000000e-01	6.720902025700000e-02
6.266211271300000e-01	6.720864027700001e-02
6.279615163800000e-01	6.720793247200001e-02
6.286317110100000e-01	6.720759719600000e-02
6.299720406500000e-01	6.720696389700000e-02
6.306422352800000e-01	6.720666587400000e-02
6.319826245300000e-01	6.720610707999999e-02
6.326527595500000e-01	6.720584631000000e-02
6.339931488000000e-01	6.720535457100001e-02
6.346633434300000e-01	6.720511615300000e-02
6.353335380600000e-01	6.720489263500000e-02
6.366738677000000e-01	6.720447540299999e-02
6.373440623300000e-01	6.720427423700000e-02
6.386844515800000e-01	6.720390170800000e-02
6.393545866000000e-01	6.720373034500000e-02
6.406949758500000e-01	6.720339506900000e-02
6.413651704800000e-01	6.720324605700000e-02
6.427055001300001e-01	6.720294803400000e-02
6.433756947500000e-01	6.720281392300000e-02
6.447160840000000e-01	6.720255315300000e-02
6.453862786300000e-01	6.720243394400000e-02
6.467266082799999e-01	6.720220297600001e-02
6.473968029000000e-01	6.720209866800000e-02
6.487371921500000e-01	6.720189750199999e-02
6.494073867800000e-01	6.720180064400000e-02
6.507477164300000e-01	6.720162183000000e-02
6.514179110500000e-01	6.720153987400000e-02
6.527583003000000e-01	6.720137596100000e-02
6.534284353299999e-01	6.720130145500000e-02
6.547688245800000e-01	6.720116734500001e-02
6.554390192000000e-01	6.720110029000000e-02
6.567793488500000e-01	6.720097362999999e-02
6.574495434800000e-01	6.720092147600000e-02
6.587899327300000e-01	6.720080971700000e-02
6.594601273500000e-01	6.720075756299999e-02
6.608004570000000e-01	6.720066070600000e-02
6.614706516300000e-01	6.720061600200000e-02
6.628110408800000e-01	6.720052659500000e-02
6.634811759000000e-01	6.720048934200000e-02
6.648215651500000e-01	6.720041483600001e-02
6.654917597800000e-01	6.720037758400001e-02
6.668320894200001e-01	6.720031052800000e-02
6.675022840500000e-01	6.720028072600000e-02
6.688426733000000e-01	6.720022112100001e-02
6.695128679300000e-01	6.720019877000000e-02
6.708531975699999e-01	6.720014661600000e-02
6.715233922000000e-01	6.720011681300000e-02
6.728637814500000e-01	6.720007210999999e-02
6.735339760800000e-01	6.720004975799999e-02
6.748743057300000e-01	6.720001250500000e-02
6.755445003500000e-01	6.719999015300000e-02
6.768848896000000e-01	6.719996035100000e-02
6.775550246199999e-01	6.719993799900000e-02
6.788954138800000e-01	6.719990819700000e-02
6.795656085000000e-01	6.719989329600000e-02
6.809059381500000e-01	6.719986349300000e-02
6.815761327700000e-01	6.719985604299999e-02
6.829165220300000e-01	6.719982624100000e-02
6.835867166500000e-01	6.719981879000000e-02
6.849270463000000e-01	6.719979643800000e-02
6.855972409200000e-01	6.719978153700000e-02
6.869376301800000e-01	6.719976663600000e-02
6.876077652000000e-01	6.719975918500000e-02
6.889481544500000e-01	6.719973683400000e-02
6.896183490800000e-01	6.719972938300001e-02
6.909586787200001e-01	6.719971448200000e-02
6.916288733500000e-01	6.719970703100001e-02
6.929692626000000e-01	6.719969958100000e-02
6.936394572300000e-01	6.719969213000000e-02
6.949797868699999e-01	6.719967722900000e-02
6.956499815000000e-01	6.719967722900000e-02
6.969903707500000e-01	6.719966232800000e-02
6.976605653800000e-01	6.719966232800000e-02
6.983307004000000e-01	6.719965487700000e-02
6.996710896500000e-01	6.719964742700001e-02
7.003412842800000e-01	6.719964742700001e-02
