time	q
0.000000000000000e+00	1.000000000000000e-04
1.856036946532725e-03	1.000000000000000e-04
3.712073893065451e-03	1.000000000000000e-04
5.568110839598176e-03	1.000000000000000e-04
7.424147786130902e-03	1.000000000000000e-04
9.280184732663626e-03	1.000000000000000e-04
1.113622167919635e-02	1.000000000000000e-04
1.299225862572908e-02	1.000000000000000e-04
1.484829557226180e-02	1.000000000000000e-04
1.670433251879453e-02	1.000000000000000e-04
1.856036946532725e-02	1.000000000000000e-04
2.041640641185998e-02	1.000000000000000e-04
2.227244335839270e-02	1.000000000000000e-04
2.412848030492543e-02	1.000000000000000e-04
2.598451725145816e-02	1.000000000000000e-04
2.784055419799088e-02	1.000000000000000e-04
2.969659114452361e-02	1.000000000000000e-04
3.155262809105633e-02	1.000000000000000e-04
3.340866503758905e-02	1.000000000000000e-04
3.526470198412178e-02	1.000000000000000e-04
3.712073893065451e-02	1.000000000000000e-04
3.897677587718723e-02	1.000000000000000e-04
4.083281282371996e-02	1.000000000000000e-04
4.268884977025268e-02	1.000000000000000e-04
4.454488671678541e-02	1.000000000000000e-04
4.640092366331813e-02	1.000000000000000e-04
4.825696060985086e-02	1.000000000000000e-04
5.011299755638358e-02	1.000000000000000e-04
5.196903450291631e-02	1.000000000000000e-04
5.382507144944904e-02	1.000000000000000e-04
5.568110839598176e-02	1.000000000000000e-04
5.753714534251449e-02	1.000000000000000e-04
5.939318228904721e-02	1.000000000000000e-04
6.124921923557994e-02	1.000000000000000e-04
6.310525618211266e-02	1.000000000000000e-04
6.496129312864538e-02	1.000000000000000e-04
6.681733007517809e-02	1.000000000000000e-04
6.867336702171081e-02	1.000000000000000e-04
7.052940396824353e-02	1.000000000000000e-04
7.238544091477625e-02	1.000000000000000e-04
7.424147786130897e-02	1.000000000000000e-04
7.609751480784169e-02	1.000000000000000e-04
7.795355175437441e-02	1.000000000000000e-04
7.980958870090712e-02	1.000000000000000e-04
8.166562564743984e-02	1.000000000000000e-04
8.352166259397256e-02	1.000000000000000e-04
8.537769954050528e-02	1.000000000000000e-04
8.723373648703800e-02	1.000000000000000e-04
8.908977343357072e-02	1.000000000000000e-04
9.094581038010344e-02	2.799231144208540e-04
9.280184732663616e-02	9.546798119278563e-03
9.465788427316887e-02	2.747821589804041e-02
9.651392121970159e-02	5.354928640039382e-02
9.836995816623431e-02	8.714599921807499e-02
1.002259951127670e-01	1.275801132592760e-01
1.020820320593000e-01	1.741051123819310e-01
1.039380690058320e-01	2.259327471497830e-01
1.057941059523650e-01	2.822496842554630e-01
1.076501428988980e-01	3.355439525795450e-01
1.095061798454310e-01	3.848815756617100e-01
1.113622167919630e-01	4.305563006920900e-01
1.132182537384960e-01	4.728400666353060e-01
1.150742906850290e-01	5.119846233053570e-01
1.169303276315610e-01	5.482230302379960e-01
1.187863645780940e-01	5.817710442846180e-01
1.206424015246270e-01	6.128284041891060e-01
1.224984384711600e-01	6.415800197958140e-01
1.243544754176920e-01	6.681970729689800e-01
1.262105123642250e-01	6.928380367782569e-01
1.280665493107580e-01	7.156496190184070e-01
1.299225862572910e-01	7.367676356806920e-01
1.317786232038230e-01	7.563178195764700e-01
1.336346601503560e-01	7.744165689273660e-01
1.354906970968890e-01	7.911716403790090e-01
1.373467340434210e-01	8.066827905644099e-01
1.392027709899540e-01	8.210423700367190e-01
1.410588079364870e-01	8.343358731075360e-01
1.429148448830200e-01	8.466424468644220e-01
1.447708818295520e-01	8.580353623981880e-01
1.466269187760850e-01	8.685824510455780e-01
1.484829557226180e-01	8.783465082446510e-01
1.503389926691500e-01	8.873856674073430e-01
1.521950296156830e-01	8.957537460351730e-01
1.540510665622160e-01	9.035005661388130e-01
1.559071035087490e-01	9.106722508692330e-01
1.577631404552810e-01	9.173114991265120e-01
1.596191774018140e-01	9.234578397812820e-01
1.614752143483470e-01	9.291478670224030e-01
1.633312512948790e-01	9.344154582320719e-01
1.651872882414120e-01	9.392919756855660e-01
1.670433251879450e-01	9.438064532764960e-01
1.688993621344780e-01	9.479857693793030e-01
1.707553990810100e-01	9.518548068781890e-01
1.726114360275430e-01	9.554366013152560e-01
1.744674729740760e-01	9.587524780399210e-01
1.763235099206080e-01	9.618221791761400e-01
1.781795468671410e-01	9.646639811634140e-01
1.800355838136740e-01	9.672948035713630e-01
1.818916207602070e-01	9.697303098357550e-01
1.837476577067390e-01	9.719850005157390e-01
1.856036946532720e-01	9.740722996275210e-01
1.874597315998050e-01	9.760046345685049e-01
1.893157685463380e-01	9.777935101077470e-01
1.911718054928700e-01	9.794495768832470e-01
1.930278424394030e-01	9.809826948138960e-01
1.948838793859360e-01	9.824019918036380e-01
1.967399163324680e-01	9.837159180873370e-01
1.985959532790010e-01	9.849322965419340e-01
2.004519902255340e-01	9.860583692624230e-01
2.023080271720670e-01	9.871008406799640e-01
2.041640641185990e-01	9.880659174788380e-01
2.060201010651320e-01	9.889593455499140e-01
2.078761380116650e-01	9.897864442006300e-01
2.097321749581970e-01	9.905521378251810e-01
2.115882119047300e-01	9.912609852234550e-01
2.134442488512630e-01	9.919172067433040e-01
2.153002857977960e-01	9.925247094077150e-01
2.171563227443280e-01	9.930871101765150e-01
2.190123596908610e-01	9.936077574810890e-01
2.208683966373940e-01	9.940897511603271e-01
2.227244335839260e-01	9.945359609164980e-01
2.245804705304590e-01	9.949490434009360e-01
2.264365074769920e-01	9.953314580312500e-01
2.282925444235250e-01	9.956854816342530e-01
2.301485813700570e-01	9.960132220017720e-01
2.320046183165900e-01	9.963166304400520e-01
2.338606552631230e-01	9.965975133874780e-01
2.357166922096550e-01	9.968575431697810e-01
2.375727291561880e-01	9.970982679567580e-01
2.394287661027210e-01	9.973211209797920e-01
2.412848030492540e-01	9.975274290650500e-01
2.431408399957860e-01	9.977184205331640e-01
2.449968769423190e-01	9.978952325124260e-01
2.468529138888520e-01	9.980589177090440e-01
2.487089508353850e-01	9.982104506747610e-01
2.505649877819170e-01	9.983507336091580e-01
2.524210247284500e-01	9.984806017311880e-01
2.542770616749830e-01	9.986008282519100e-01
2.561330986215160e-01	9.987121289780559e-01
2.579891355680480e-01	9.988151665738060e-01
2.598451725145810e-01	9.989105545061731e-01
2.617012094611140e-01	9.989988606974700e-01
2.635572464076460e-01	9.990806109066210e-01
2.654132833541790e-01	9.991562918594290e-01
2.672693203007120e-01	9.992263541464550e-01
2.691253572472450e-01	9.992912149057490e-01
2.709813941937770e-01	9.993512603064190e-01
2.728374311403100e-01	9.994068478478040e-01
2.746934680868430e-01	9.994583084879650e-01
2.765495050333760e-01	9.995059486141500e-01
2.784055419799080e-01	9.995500518669610e-01
2.802615789264410e-01	9.995908808291050e-01
2.821176158729740e-01	9.996286785887600e-01
2.839736528195070e-01	9.996636701868780e-01
2.858296897660390e-01	9.996960639570390e-01
2.876857267125720e-01	9.997260527658300e-01
2.895417636591050e-01	9.997538151611370e-01
2.913978006056380e-01	9.997795164351870e-01
2.932538375521700e-01	9.998033096086690e-01
2.951098744987030e-01	9.998253363417891e-01
2.969659114452360e-01	9.998457277776890e-01
2.988219483917690e-01	9.998646053232531e-01
3.006779853383010e-01	9.998820813719350e-01
3.025340222848340e-01	9.998982599729360e-01
3.043900592313670e-01	9.999132374506891e-01
3.062460961779000e-01	9.999271029783590e-01
3.081021331244320e-01	9.999399391087640e-01
3.099581700709650e-01	9.999518222658770e-01
3.118142070174980e-01	9.999628231998440e-01
3.136702439640310e-01	9.999730074082160e-01
3.155262809105630e-01	9.999824355259080e-01
3.173823178570960e-01	9.999911636862080e-01
3.192383548036290e-01	9.999992438549890e-01
3.210943917501620e-01	1.000006724140100e+00
3.229504286966940e-01	1.000013649077790e+00
3.248064656432270e-01	1.000020059897870e+00
3.266625025897600e-01	1.000025994769190e+00
3.285185395362930e-01	1.000031489026890e+00
3.303745764828250e-01	1.000036575382790e+00
3.322306134293580e-01	1.000041284120100e+00
3.340866503758910e-01	1.000045643273800e+00
3.359426873224240e-01	1.000049678797480e+00
3.377987242689560e-01	1.000053414717930e+00
3.396547612154890e-01	1.000056873278110e+00
3.415107981620220e-01	1.000060075069680e+00
3.433668351085550e-01	1.000063039155510e+00
3.452228720550870e-01	1.000065783183230e+00
3.470789090016200e-01	1.000068323490280e+00
3.489349459481530e-01	1.000070675201170e+00
3.507909828946860e-01	1.000072852317570e+00
3.526470198412180e-01	1.000074867801640e+00
3.545030567877510e-01	1.000076733653190e+00
3.563590937342840e-01	1.000078460981160e+00
3.582151306808170e-01	1.000080060069750e+00
3.600711676273490e-01	1.000081540439640e+00
3.619272045738820e-01	1.000082910904680e+00
3.637832415204150e-01	1.000084179624370e+00
3.656392784669480e-01	1.000085354152440e+00
3.674953154134800e-01	1.000086441481810e+00
3.693513523600130e-01	1.000087448086230e+00
3.712073893065460e-01	1.000088379958860e+00
3.730634262530790e-01	1.000089242647890e+00
3.749194631996110e-01	1.000090041289610e+00
3.767755001461440e-01	1.000090780638990e+00
3.786315370926770e-01	1.000091465097970e+00
3.804875740392100e-01	1.000092098741710e+00
3.823436109857420e-01	1.000092685342800e+00
3.841996479322750e-01	1.000093228393760e+00
3.860556848788080e-01	1.000093731127820e+00
3.879117218253410e-01	1.000094196538150e+00
3.897677587718730e-01	1.000094627395740e+00
3.916237957184060e-01	1.000095026265820e+00
3.934798326649390e-01	1.000095395523190e+00
3.953358696114710e-01	1.000095737366360e+00
3.971919065580040e-01	1.000096053830580e+00
3.990479435045370e-01	1.000096346800030e+00
4.009039804510700e-01	1.000096618018990e+00
4.027600173976020e-01	1.000096869102260e+00
4.046160543441350e-01	1.000097101544740e+00
4.064720912906680e-01	1.000097316730340e+00
4.083281282372010e-01	1.000097515940240e+00
4.101841651837330e-01	1.000097700360510e+00
4.120402021302660e-01	1.000097871089150e+00
4.138962390767990e-01	1.000098029142630e+00
4.157522760233320e-01	1.000098175462000e+00
4.176083129698640e-01	1.000098310918390e+00
4.194643499163970e-01	1.000098436318310e+00
4.213203868629300e-01	1.000098552408350e+00
4.231764238094630e-01	1.000098659879690e+00
4.250324607559950e-01	1.000098759372200e+00
4.268884977025280e-01	1.000098851478250e+00
4.287445346490610e-01	1.000098936746200e+00
4.306005715955940e-01	1.000099015683730e+00
4.324566085421260e-01	1.000099088760830e+00
4.343126454886590e-01	1.000099156412570e+00
4.361686824351920e-01	1.000099219041750e+00
4.380247193817250e-01	1.000099277021240e+00
4.398807563282570e-01	1.000099330696250e+00
4.417367932747900e-01	1.000099380386350e+00
4.435928302213230e-01	1.000099426387390e+00
4.454488671678560e-01	1.000099468973230e+00
4.473049041143880e-01	1.000099508397450e+00
4.491609410609210e-01	1.000099544894750e+00
4.510169780074540e-01	1.000099578682430e+00
4.528730149539870e-01	1.000099609961670e+00
4.547290519005190e-01	1.000099638918690e+00
4.565850888470520e-01	1.000099665725900e+00
4.584411257935850e-01	1.000099690542910e+00
4.602971627401180e-01	1.000099713517460e+00
4.621531996866500e-01	1.000099734786350e+00
4.640092366331830e-01	1.000099754476200e+00
4.658652735797160e-01	1.000099772704250e+00
4.677213105262490e-01	1.000099789579020e+00
4.695773474727810e-01	1.000099805200990e+00
4.714333844193140e-01	1.000099819663150e+00
4.732894213658470e-01	1.000099833051630e+00
4.751454583123800e-01	1.000099845446120e+00
4.770014952589120e-01	1.000099856920430e+00
4.788575322054450e-01	1.000099867542870e+00
4.807135691519780e-01	1.000099877376680e+00
4.825696060985110e-01	1.000099886480420e+00
4.844256430450430e-01	1.000099894908280e+00
4.862816799915760e-01	1.000099902710440e+00
4.881377169381090e-01	1.000099909933360e+00
4.899937538846420e-01	1.000099916620040e+00
4.918497908311740e-01	1.000099922810300e+00
4.937058277777070e-01	1.000099928540970e+00
4.955618647242400e-01	1.000099933846200e+00
4.974179016707730e-01	1.000099938757550e+00
4.992739386173050e-01	1.000099943304280e+00
5.011299755638380e-01	1.000099947513460e+00
5.029860125103710e-01	1.000099951410140e+00
5.048420494569030e-01	1.000099955017520e+00
5.066980864034361e-01	1.000099958357080e+00
5.085541233499690e-01	1.000099961448720e+00
5.104101602965010e-01	1.000099964310820e+00
5.122661972430340e-01	1.000099966960440e+00
5.141222341895670e-01	1.000099969413340e+00
5.159782711361000e-01	1.000099971684140e+00
5.178343080826320e-01	1.000099973786350e+00
5.196903450291650e-01	1.000099975732490e+00
5.215463819756980e-01	1.000099977534150e+00
5.234024189222301e-01	1.000099979202050e+00
5.252584558687630e-01	1.000099980746120e+00
5.271144928152960e-01	1.000099982175550e+00
5.289705297618280e-01	1.000099983498870e+00
5.308265667083610e-01	1.000099984723940e+00
5.326826036548939e-01	1.000099985858050e+00
5.345386406014260e-01	1.000099986907970e+00
5.363946775479590e-01	1.000099987879940e+00
5.382507144944920e-01	1.000099988779750e+00
5.401067514410240e-01	1.000099989612760e+00
5.419627883875570e-01	1.000099990383930e+00
5.438188253340900e-01	1.000099991097840e+00
5.456748622806230e-01	1.000099991758750e+00
5.475308992271550e-01	1.000099992370590e+00
5.493869361736879e-01	1.000099992937010e+00
5.512429731202210e-01	1.000099993461380e+00
5.530990100667530e-01	1.000099993946810e+00
5.549550470132860e-01	1.000099994396210e+00
5.568110839598190e-01	1.000099994812240e+00
5.586671209063510e-01	1.000099995197390e+00
5.605231578528840e-01	1.000099995553940e+00
5.623791947994170e-01	1.000099995884030e+00
5.642352317459490e-01	1.000099996189600e+00
5.660912686924821e-01	1.000099996472490e+00
5.679473056390150e-01	1.000099996734380e+00
5.698033425855480e-01	1.000099996976820e+00
5.716593795320800e-01	1.000099997201270e+00
5.735154164786130e-01	1.000099997409050e+00
5.753714534251460e-01	1.000099997601410e+00
5.772274903716780e-01	1.000099997779480e+00
5.790835273182110e-01	1.000099997944340e+00
5.809395642647440e-01	1.000099998096950e+00
5.827956012112760e-01	1.000099998238240e+00
5.846516381578090e-01	1.000099998369030e+00
5.865076751043420e-01	1.000099998490120e+00
5.883637120508740e-01	1.000099998602210e+00
5.902197489974070e-01	1.000099998705990e+00
5.920757859439399e-01	1.000099998802060e+00
5.939318228904730e-01	1.000099998890990e+00
5.957878598370050e-01	1.000099998973330e+00
5.976438967835380e-01	1.000099999049550e+00
5.994999337300710e-01	1.000099999120110e+00
6.013559706766030e-01	1.000099999185440e+00
6.032120076231360e-01	1.000099999245910e+00
6.050680445696690e-01	1.000099999301900e+00
6.069240815162010e-01	1.000099999353720e+00
6.087801184627341e-01	1.000099999401700e+00
6.106361554092670e-01	1.000099999446120e+00
6.124921923557990e-01	1.000099999487240e+00
6.143482293023320e-01	1.000099999525310e+00
6.162042662488650e-01	1.000099999560550e+00
6.180603031953980e-01	1.000099999593180e+00
6.199163401419300e-01	1.000099999623380e+00
6.217723770884630e-01	1.000099999651340e+00
6.236284140349960e-01	1.000099999677230e+00
6.254844509815281e-01	1.000099999701190e+00
6.273404879280610e-01	1.000099999723370e+00
6.291965248745940e-01	1.000099999743910e+00
6.310525618211260e-01	1.000099999762920e+00
6.329085987676590e-01	1.000099999780520e+00
6.347646357141919e-01	1.000099999796820e+00
6.366206726607240e-01	1.000099999811900e+00
6.384767096072570e-01	1.000099999825870e+00
6.403327465537900e-01	1.000099999838800e+00
6.421887835003220e-01	1.000099999850760e+00
6.440448204468550e-01	1.000099999861840e+00
6.459008573933880e-01	1.000099999872100e+00
6.477568943399210e-01	1.000099999881600e+00
6.496129312864530e-01	1.000099999890390e+00
6.514689682329859e-01	1.000099999898520e+00
6.533250051795190e-01	1.000099999906060e+00
6.551810421260510e-01	1.000099999913030e+00
6.570370790725840e-01	1.000099999919490e+00
6.588931160191170e-01	1.000099999925470e+00
6.607491529656490e-01	1.000099999931000e+00
6.626051899121820e-01	1.000099999936120e+00
6.644612268587150e-01	1.000099999940860e+00
6.663172638052470e-01	1.000099999945260e+00
6.681733007517801e-01	1.000099999949320e+00
6.700293376983130e-01	1.000099999953080e+00
6.718853746448460e-01	1.000099999956570e+00
6.737414115913780e-01	1.000099999959790e+00
6.755974485379110e-01	1.000099999962780e+00
6.774534854844440e-01	1.000099999965540e+00
6.793095224309760e-01	1.000099999968100e+00
6.811655593775090e-01	1.000099999970470e+00
6.830215963240420e-01	1.000099999972660e+00
6.848776332705740e-01	1.000099999974690e+00
6.867336702171070e-01	1.000099999976570e+00
6.885897071636400e-01	1.000099999978310e+00
6.904457441101720e-01	1.000099999979920e+00
6.923017810567050e-01	1.000099999981410e+00
6.941578180032379e-01	1.000099999982790e+00
6.960138549497710e-01	1.000099999984070e+00
6.978698918963030e-01	1.000099999985250e+00
6.997259288428360e-01	1.000099999986340e+00
7.015819657893690e-01	1.000099999987360e+00
7.034380027359010e-01	1.000099999988300e+00
7.052940396824340e-01	1.000099999989170e+00
7.071500766289670e-01	1.000099999989970e+00
7.090061135754990e-01	1.000099999990710e+00
7.108621505220321e-01	1.000099999991400e+00
7.127181874685650e-01	1.000099999992040e+00
7.145742244150970e-01	1.000099999992630e+00
7.164302613616300e-01	1.000099999993180e+00
7.182862983081630e-01	1.000099999993690e+00
7.201423352546960e-01	1.000099999994160e+00
7.219983722012280e-01	1.000099999994590e+00
7.238544091477610e-01	1.000099999994990e+00
7.257104460942940e-01	1.000099999995360e+00
7.275664830408261e-01	1.000099999995710e+00
7.294225199873590e-01	1.000099999996030e+00
7.312785569338920e-01	1.000099999996320e+00
7.331345938804240e-01	1.000099999996590e+00
7.349906308269570e-01	1.000099999996850e+00
7.368466677734899e-01	1.000099999997080e+00
7.387027047200220e-01	1.000099999997300e+00
7.405587416665550e-01	1.000099999997500e+00
7.424147786130880e-01	1.000099999997680e+00
7.442708155596200e-01	1.000099999997860e+00
7.461268525061530e-01	1.000099999998010e+00
7.479828894526860e-01	1.000099999998160e+00
7.498389263992190e-01	1.000099999998300e+00
7.516949633457510e-01	1.000099999998430e+00
7.535510002922839e-01	1.000099999998540e+00
7.554070372388170e-01	1.000099999998650e+00
7.572630741853490e-01	1.000099999998750e+00
7.591191111318820e-01	1.000099999998840e+00
7.609751480784150e-01	1.000099999998930e+00
7.628311850249470e-01	1.000099999999010e+00
7.646872219714800e-01	1.000099999999080e+00
7.665432589180130e-01	1.000099999999150e+00
7.683992958645450e-01	1.000099999999210e+00
7.702553328110781e-01	1.000099999999270e+00
7.721113697576110e-01	1.000099999999330e+00
7.739674067041440e-01	1.000099999999380e+00
7.758234436506760e-01	1.000099999999420e+00
7.776794805972090e-01	1.000099999999470e+00
7.795355175437420e-01	1.000099999999500e+00
7.813915544902740e-01	1.000099999999540e+00
7.832475914368070e-01	1.000099999999580e+00
7.851036283833400e-01	1.000099999999610e+00
7.869596653298720e-01	1.000099999999640e+00
7.888157022764050e-01	1.000099999999660e+00
7.906717392229380e-01	1.000099999999690e+00
7.925277761694700e-01	1.000099999999710e+00
7.943838131160030e-01	1.000099999999730e+00
7.962398500625359e-01	1.000099999999750e+00
7.980958870090690e-01	1.000099999999770e+00
7.999519239556010e-01	1.000099999999790e+00
8.018079609021340e-01	1.000099999999800e+00
8.036639978486670e-01	1.000099999999820e+00
8.055200347951990e-01	1.000099999999830e+00
8.073760717417320e-01	1.000099999999840e+00
8.092321086882650e-01	1.000099999999860e+00
8.110881456347970e-01	1.000099999999870e+00
8.129441825813301e-01	1.000099999999880e+00
8.148002195278630e-01	1.000099999999890e+00
8.166562564743950e-01	1.000099999999890e+00
8.185122934209280e-01	1.000099999999900e+00
8.203683303674610e-01	1.000099999999910e+00
8.222243673139940e-01	1.000099999999920e+00
8.240804042605260e-01	1.000099999999920e+00
8.259364412070590e-01	1.000099999999930e+00
8.277924781535920e-01	1.000099999999930e+00
8.296485151001241e-01	1.000099999999940e+00
8.315045520466570e-01	1.000099999999940e+00
8.333605889931900e-01	1.000099999999950e+00
8.352166259397220e-01	1.000099999999950e+00
8.370726628862550e-01	1.000099999999950e+00
8.389286998327879e-01	1.000099999999960e+00
8.407847367793200e-01	1.000099999999960e+00
8.426407737258530e-01	1.000099999999960e+00
8.444968106723860e-01	1.000099999999970e+00
8.463528476189180e-01	1.000099999999970e+00
8.482088845654510e-01	1.000099999999970e+00
8.500649215119840e-01	1.000099999999970e+00
8.519209584585170e-01	1.000099999999980e+00
8.537769954050490e-01	1.000099999999980e+00
8.556330323515819e-01	1.000099999999980e+00
8.574890692981150e-01	1.000099999999980e+00
8.593451062446470e-01	1.000099999999980e+00
8.612011431911800e-01	1.000099999999980e+00
8.630571801377130e-01	1.000099999999980e+00
8.649132170842450e-01	1.000099999999990e+00
8.667692540307780e-01	1.000099999999990e+00
8.686252909773110e-01	1.000099999999990e+00
8.704813279238430e-01	1.000099999999990e+00
8.723373648703761e-01	1.000099999999990e+00
8.741934018169090e-01	1.000099999999990e+00
8.760494387634420e-01	1.000099999999990e+00
8.779054757099740e-01	1.000099999999990e+00
8.797615126565070e-01	1.000099999999990e+00
8.816175496030400e-01	1.000099999999990e+00
8.834735865495720e-01	1.000099999999990e+00
8.853296234961050e-01	1.000099999999990e+00
8.871856604426380e-01	1.000099999999990e+00
8.890416973891700e-01	1.000099999999990e+00
8.908977343357030e-01	1.000100000000000e+00
8.927537712822360e-01	1.000100000000000e+00
8.946098082287680e-01	1.000100000000000e+00
8.964658451753010e-01	1.000100000000000e+00
8.983218821218339e-01	1.000100000000000e+00
9.001779190683670e-01	1.000100000000000e+00
9.020339560148990e-01	1.000100000000000e+00
9.038899929614320e-01	1.000100000000000e+00
9.057460299079650e-01	1.000100000000000e+00
9.076020668544970e-01	1.000100000000000e+00
9.094581038010300e-01	1.000100000000000e+00
9.113141407475630e-01	1.000100000000000e+00
9.131701776940950e-01	1.000100000000000e+00
9.150262146406281e-01	1.000100000000000e+00
9.168822515871610e-01	1.000100000000000e+00
9.187382885336930e-01	1.000100000000000e+00
9.205943254802260e-01	1.000100000000000e+00
9.224503624267590e-01	1.000100000000000e+00
9.243063993732920e-01	1.000100000000000e+00
9.261624363198240e-01	1.000100000000000e+00
9.280184732663570e-01	1.000100000000000e+00
9.298745102128900e-01	1.000100000000000e+00
9.317305471594221e-01	1.000100000000000e+00
9.335865841059550e-01	1.000100000000000e+00
9.354426210524880e-01	1.000100000000000e+00
9.372986579990200e-01	1.000100000000000e+00
9.391546949455530e-01	1.000100000000000e+00
9.410107318920859e-01	1.000100000000000e+00
9.428667688386180e-01	1.000100000000000e+00
9.447228057851510e-01	1.000100000000000e+00
9.465788427316840e-01	1.000100000000000e+00
9.484348796782160e-01	1.000100000000000e+00
9.502909166247490e-01	1.000100000000000e+00
9.521469535712820e-01	1.000100000000000e+00
9.540029905178150e-01	1.000100000000000e+00
9.558590274643470e-01	1.000100000000000e+00
9.577150644108799e-01	1.000100000000000e+00
9.595711013574130e-01	1.000100000000000e+00
9.614271383039450e-01	1.000100000000000e+00
9.632831752504780e-01	1.000100000000000e+00
9.651392121970110e-01	1.000100000000000e+00
9.669952491435430e-01	1.000100000000000e+00
9.688512860900760e-01	1.000100000000000e+00
9.707073230366090e-01	1.000100000000000e+00
9.725633599831410e-01	1.000100000000000e+00
9.744193969296741e-01	1.000100000000000e+00
9.762754338762070e-01	1.000100000000000e+00
9.781314708227400e-01	1.000100000000000e+00
9.799875077692720e-01	1.000100000000000e+00
9.818435447158050e-01	1.000100000000000e+00
9.836995816623380e-01	1.000100000000000e+00
9.855556186088700e-01	1.000100000000000e+00
9.874116555554030e-01	1.000100000000000e+00
9.892676925019360e-01	1.000100000000000e+00
9.911237294484680e-01	1.000100000000000e+00
9.929797663950010e-01	1.000100000000000e+00
9.948358033415340e-01	1.000100000000000e+00
9.966918402880660e-01	1.000100000000000e+00
9.985478772345990e-01	1.000100000000000e+00
1.000403914181130e+00	1.000100000000000e+00
1.002259951127660e+00	1.000100000000000e+00
1.004115988074200e+00	1.000100000000000e+00
1.005972025020730e+00	1.000100000000000e+00
1.007828061967260e+00	1.000100000000000e+00
1.009684098913800e+00	1.000100000000000e+00
1.011540135860330e+00	1.000100000000000e+00
1.013396172806860e+00	1.000100000000000e+00
1.015252209753390e+00	1.000100000000000e+00
1.017108246699930e+00	1.000100000000000e+00
1.018964283646460e+00	1.000100000000000e+00
1.020820320592990e+00	1.000100000000000e+00
1.022676357539530e+00	1.000100000000000e+00
1.024532394486060e+00	1.000100000000000e+00
1.026388431432590e+00	1.000100000000000e+00
1.028244468379120e+00	1.000100000000000e+00
1.030100505325660e+00	1.000100000000000e+00
1.031956542272190e+00	1.000100000000000e+00
1.033812579218720e+00	1.000100000000000e+00
1.035668616165260e+00	1.000100000000000e+00
1.037524653111790e+00	1.000100000000000e+00
1.039380690058320e+00	1.000100000000000e+00
1.041236727004850e+00	1.000100000000000e+00
1.043092763951390e+00	1.000100000000000e+00
1.044948800897920e+00	1.000100000000000e+00
1.046804837844450e+00	1.000100000000000e+00
1.048660874790980e+00	1.000100000000000e+00
1.050516911737520e+00	1.000100000000000e+00
1.052372948684050e+00	1.000100000000000e+00
1.054228985630580e+00	1.000100000000000e+00
1.056085022577120e+00	1.000100000000000e+00
1.057941059523650e+00	1.000100000000000e+00
1.059797096470180e+00	1.000100000000000e+00
1.061653133416710e+00	1.000100000000000e+00
1.063509170363250e+00	1.000100000000000e+00
1.065365207309780e+00	1.000100000000000e+00
1.067221244256310e+00	1.000100000000000e+00
1.069077281202850e+00	1.000100000000000e+00
1.070933318149380e+00	1.000100000000000e+00
1.072789355095910e+00	1.000100000000000e+00
1.074645392042440e+00	1.000100000000000e+00
1.076501428988980e+00	1.000100000000000e+00
1.078357465935510e+00	1.000100000000000e+00
1.080213502882040e+00	1.000100000000000e+00
1.082069539828580e+00	1.000100000000000e+00
1.083925576775110e+00	1.000100000000000e+00
1.085781613721640e+00	1.000100000000000e+00
1.087637650668170e+00	1.000100000000000e+00
1.089493687614710e+00	1.000100000000000e+00
1.091349724561240e+00	9.990204613134770e-01
1.093205761507770e+00	9.934677623033160e-01
1.095061798454300e+00	9.837186692256300e-01
1.096917835400840e+00	9.699724536414021e-01
1.098773872347370e+00	9.523601866151660e-01
1.100629909293900e+00	9.309518023145130e-01
1.102485946240440e+00	9.057612869243430e-01
1.104341983186970e+00	8.767502630780480e-01
1.106198020133500e+00	8.442083575288380e-01
1.108054057080030e+00	8.128744315598260e-01
1.109910094026570e+00	7.827036440763830e-01
1.111766130973100e+00	7.536528185184450e-01
1.113622167919630e+00	7.256803810717620e-01
1.115478204866170e+00	6.987463011727930e-01
1.117334241812700e+00	6.728120342220900e-01
1.119190278759230e+00	6.478404664242220e-01
1.121046315705760e+00	6.237958616752680e-01
1.122902352652300e+00	6.006438104218910e-01
1.124758389598830e+00	5.783511804188000e-01
1.126614426545360e+00	5.568860693141310e-01
1.128470463491900e+00	5.362177589948960e-01
1.130326500438430e+00	5.163166716271580e-01
1.132182537384960e+00	4.971543273280350e-01
1.134038574331490e+00	4.787033034089390e-01
1.135894611278030e+00	4.609371951317470e-01
1.137750648224560e+00	4.438305779217260e-01
1.139606685171090e+00	4.273589709831460e-01
1.141462722117620e+00	4.114988022655000e-01
1.143318759064160e+00	3.962273747302190e-01
1.145174796010690e+00	3.815228338695730e-01
1.147030832957220e+00	3.673641364313100e-01
1.148886869903760e+00	3.537310203042510e-01
1.150742906850290e+00	3.406039755217560e-01
1.152598943796820e+00	3.279642163415630e-01
1.154454980743350e+00	3.157936543620440e-01
1.156311017689890e+00	3.040748726364060e-01
1.158167054636420e+00	2.927911007477910e-01
1.160023091582950e+00	2.819261908096070e-01
1.161879128529490e+00	2.714645943567420e-01
1.163735165476020e+00	2.613913400946030e-01
1.165591202422550e+00	2.516920124741100e-01
1.167447239369080e+00	2.423527310620210e-01
1.169303276315620e+00	2.333601306770290e-01
1.171159313262150e+00	2.247013422632370e-01
1.173015350208680e+00	2.163639744736090e-01
1.174871387155220e+00	2.083360959370680e-01
1.176727424101750e+00	2.006062181838500e-01
1.178583461048280e+00	1.931632792046740e-01
1.180439497994810e+00	1.859966276202210e-01
1.182295534941350e+00	1.790960074382420e-01
1.184151571887880e+00	1.724515433764980e-01
1.186007608834410e+00	1.660537267305230e-01
1.187863645780940e+00	1.598934017659900e-01
1.189719682727480e+00	1.539617526161940e-01
1.191575719674010e+00	1.482502906659150e-01
1.193431756620540e+00	1.427508424036050e-01
1.195287793567080e+00	1.374555377245030e-01
1.197143830513610e+00	1.323567986679520e-01
1.198999867460140e+00	1.274473285727950e-01
1.200855904406670e+00	1.227201016353280e-01
1.202711941353210e+00	1.181683528548720e-01
1.204567978299740e+00	1.137855683525740e-01
1.206424015246270e+00	1.095654760495750e-01
1.208280052192810e+00	1.055020366912190e-01
1.210136089139340e+00	1.015894352044450e-01
1.211992126085870e+00	9.782207237600142e-02
1.213848163032400e+00	9.419455683956934e-02
1.215704199978940e+00	9.070169736033205e-02
1.217560236925470e+00	8.733849540594500e-02
1.219416273872000e+00	8.410013799327781e-02
1.221272310818540e+00	8.098199080069039e-02
1.223128347765070e+00	7.797959153598637e-02
1.224984384711600e+00	7.508864355055300e-02
1.226840421658130e+00	7.230500969054901e-02
1.228696458604670e+00	6.962470637634076e-02
1.230552495551200e+00	6.704389790171421e-02
1.232408532497730e+00	6.455889094470428e-02
1.234264569444260e+00	6.216612928218639e-02
1.236120606390800e+00	5.986218870066609e-02
1.237976643337330e+00	5.764377209598415e-02
1.239832680283860e+00	5.550770475492404e-02
1.241688717230400e+00	5.345092981196972e-02
1.243544754176930e+00	5.147050387471192e-02
1.245400791123460e+00	4.956359281164256e-02
1.247256828069990e+00	4.772746769630938e-02
1.249112865016530e+00	4.595950090202650e-02
1.250968901963060e+00	4.425716234155226e-02
1.252824938909590e+00	4.261801584635297e-02
1.254680975856130e+00	4.103971568027107e-02
1.256537012802660e+00	3.952000318260850e-02
1.258393049749190e+00	3.805670353582132e-02
1.260249086695720e+00	3.664772265319985e-02
1.262105123642260e+00	3.529104418208045e-02
1.263961160588790e+00	3.398472661830031e-02
1.265817197535320e+00	3.272690052776579e-02
1.267673234481860e+00	3.151576587115816e-02
1.269529271428390e+00	3.034958942794833e-02
1.271385308374920e+00	2.922670231603398e-02
1.273241345321450e+00	2.814549760344959e-02
1.275097382267990e+00	2.710442800873164e-02
1.276953419214520e+00	2.610200368664786e-02
1.278809456161050e+00	2.513679009612189e-02
1.280665493107580e+00	2.420740594730215e-02
1.282521530054120e+00	2.331252122483704e-02
1.284377567000650e+00	2.245085528452759e-02
1.286233603947180e+00	2.162117502063380e-02
1.288089640893720e+00	2.082229310121193e-02
1.289945677840250e+00	2.005306626895734e-02
1.291801714786780e+00	1.931239370512133e-02
1.293657751733310e+00	1.859921545416057e-02
1.295513788679850e+00	1.791251090686475e-02
1.297369825626380e+00	1.725129733979158e-02
1.299225862572910e+00	1.661462850891915e-02
1.301081899519450e+00	1.600159329550282e-02
1.302937936465980e+00	1.541131440219901e-02
1.304793973412510e+00	1.484294709758981e-02
1.306650010359040e+00	1.429567800731173e-02
1.308506047305580e+00	1.376872395005868e-02
1.310362084252110e+00	1.326133081679337e-02
1.312218121198640e+00	1.277277249156320e-02
1.314074158145180e+00	1.230234981237631e-02
1.315930195091710e+00	1.184938957065056e-02
1.317786232038240e+00	1.141324354780389e-02
1.319642268984770e+00	1.099328758760695e-02
1.321498305931310e+00	1.058892070297085e-02
1.323354342877840e+00	1.019956421589154e-02
1.325210379824370e+00	9.824660929320045e-03
1.327066416770900e+00	9.463674329773620e-03
1.328922453717440e+00	9.116087819546422e-03
1.330778490663970e+00	8.781403977421186e-03
1.332634527610500e+00	8.459143846823789e-03
1.334490564557040e+00	8.148846250402056e-03
1.336346601503570e+00	7.850067130047904e-03
1.338202638450100e+00	7.562378911418349e-03
1.340058675396630e+00	7.285369892045966e-03
1.341914712343170e+00	7.018643652163143e-03
1.343770749289700e+00	6.761818487396965e-03
1.345626786236230e+00	6.514526862522895e-03
1.347482823182770e+00	6.276414885495512e-03
1.349338860129300e+00	6.047141801003625e-03
1.351194897075830e+00	5.826379502824987e-03
1.353050934022360e+00	5.613812064282769e-03
1.354906970968900e+00	5.409135286131835e-03
1.356763007915430e+00	5.212056261227810e-03
1.358619044861960e+00	5.022292955355954e-03
1.360475081808500e+00	4.839573803619986e-03
1.362331118755030e+00	4.663637321813239e-03
1.364187155701560e+00	4.494231732216018e-03
1.366043192648090e+00	4.331114603283630e-03
1.367899229594630e+00	4.174052502709458e-03
1.369755266541160e+00	4.022820663366601e-03
1.371611303487690e+00	3.877202661649993e-03
1.373467340434230e+00	3.736990107758710e-03
1.375323377380760e+00	3.601982347475226e-03
1.377179414327290e+00	3.471986175014838e-03
1.379035451273820e+00	3.346815556534335e-03
1.380891488220360e+00	3.226291363904237e-03
1.382747525166890e+00	3.110241118363588e-03
1.384603562113420e+00	2.998498743690492e-03
1.386459599059950e+00	2.890904328535127e-03
1.388315636006490e+00	2.787303897575141e-03
1.390171672953020e+00	2.687549191165923e-03
1.392027709899550e+00	2.591497453170427e-03
1.393883746846090e+00	2.499011226664897e-03
1.395739783792620e+00	2.409958157228160e-03
1.397595820739150e+00	2.324210803532958e-03
1.399451857685680e+00	2.241646454968270e-03
1.401307894632220e+00	2.162146956031631e-03
1.403163931578750e+00	2.085598537240137e-03
1.405019968525280e+00	2.011891652318156e-03
1.406876005471820e+00	1.940920821428756e-03
1.408732042418350e+00	1.872584480224493e-03
1.410588079364880e+00	1.806784834501550e-03
1.412444116311410e+00	1.743427720249218e-03
1.414300153257950e+00	1.682422468894446e-03
1.416156190204480e+00	1.623681777548613e-03
1.418012227151010e+00	1.567121584070836e-03
1.419868264097550e+00	1.512660946769014e-03
1.421724301044080e+00	1.460221928566470e-03
1.423580337990610e+00	1.409729485468403e-03
1.425436374937140e+00	1.361111359168550e-03
1.427292411883680e+00	1.314297973642371e-03
1.429148448830210e+00	1.269222335578770e-03
1.431004485776740e+00	1.225819938507860e-03
1.432860522723270e+00	1.184028670487584e-03
1.434716559669810e+00	1.143788725217070e-03
1.436572596616340e+00	1.105042516449527e-03
1.438428633562870e+00	1.067734595582196e-03
1.440284670509410e+00	1.031811572305427e-03
1.442140707455940e+00	9.972220381973145e-04
1.443996744402470e+00	9.639164931545623e-04
1.445852781349000e+00	9.318472745542852e-04
1.447708818295540e+00	9.009684890453791e-04
1.449564855242070e+00	8.712359468718448e-04
1.451420892188600e+00	8.426070986340789e-04
1.453276929135140e+00	8.150409743976324e-04
1.455132966081670e+00	7.884981250622971e-04
1.456989003028200e+00	7.629405659076144e-04
1.458845039974730e+00	7.383317222340175e-04
1.460701076921270e+00	7.146363770218136e-04
1.462557113867800e+00	6.918206205331035e-04
1.464413150814330e+00	6.698518017845162e-04
1.466269187760870e+00	6.486984818213101e-04
1.468125224707400e+00	6.283303887259748e-04
1.469981261653930e+00	6.087183742969467e-04
1.471837298600460e+00	5.898343723354428e-04
1.473693335547000e+00	5.716513584807178e-04
1.475549372493530e+00	5.541433115362665e-04
1.477405409440060e+00	5.372851762316258e-04
1.479261446386590e+00	5.210528273664865e-04
1.481117483333130e+00	5.054230352858012e-04
1.482973520279660e+00	4.903734326364834e-04
1.484829557226190e+00	4.758824823581211e-04
1.486685594172730e+00	4.619294468618989e-04
1.488541631119260e+00	4.484943583536222e-04
1.490397668065790e+00	4.355579902583714e-04
1.492253705012320e+00	4.231018297058954e-04
1.494109741958860e+00	4.111080510373660e-04
1.495965778905390e+00	3.995594902955832e-04
1.497821815851920e+00	3.884396206621210e-04
1.499677852798460e+00	3.777325288062654e-04
