time	force
0.000000000000000e+00	2.338048536300000e-03
1.632708823300000e-03	2.338048536300000e-03
3.265417646600000e-03	2.338048536300000e-03
4.898126702800000e-03	2.338048536300000e-03
6.530835293200000e-03	2.338048536300000e-03
8.163544349400000e-03	2.338048536300000e-03
9.796253405499999e-03	2.338048536300000e-03
1.142896246200000e-02	2.338048536300000e-03
1.306167058600000e-02	2.338048536300000e-03
1.469437964300000e-02	2.338048536300000e-03
1.632708869900000e-02	2.338048536300000e-03
1.795979775500000e-02	2.338048536300000e-03
1.959250681100000e-02	2.338048536300000e-03
2.122521586700000e-02	2.338048536300000e-03
2.285792492300000e-02	2.338048536300000e-03
2.449063211700000e-02	2.338048536300000e-03
2.612334117300000e-02	2.338048536300000e-03
2.775605022900000e-02	2.338048536300000e-03
2.938875928500000e-02	2.338048536300000e-03
3.102146834100000e-02	2.338048536300000e-03
3.265417739700000e-02	2.338048536300000e-03
3.428688645400000e-02	2.338048536300000e-03
3.591959551000000e-02	2.338048536300000e-03
3.755230456600000e-02	2.338048536300000e-03
3.918501362200000e-02	2.338048536300000e-03
4.081772267800000e-02	2.338048536300000e-03
4.245043173400000e-02	2.338048536300000e-03
4.408314079000000e-02	2.338048536300000e-03
4.571584984700000e-02	2.338048536300000e-03
4.734855517700000e-02	2.338048536300000e-03
4.898126423400000e-02	2.338048536300000e-03
5.061397329000000e-02	2.338048536300000e-03
5.224668234600000e-02	2.338048536300000e-03
5.387939140200000e-02	2.338048536300000e-03
5.551210045800000e-02	2.338048536300000e-03
5.714480951400000e-02	2.338048536300000e-03
5.877751857000000e-02	2.338048536300000e-03
6.041022762700000e-02	2.338048536300000e-03
6.204293668300000e-02	2.338048536300000e-03
6.367564201400000e-02	2.338048536300000e-03
6.530835479500000e-02	2.338048536300000e-03
6.694106012600000e-02	2.338048536300000e-03
6.857377290699999e-02	2.338048536300000e-03
7.020647823800000e-02	2.338048536300000e-03
7.183919102000000e-02	2.338048536300000e-03
7.347189635000000e-02	2.338048536300000e-03
7.510460913200000e-02	2.338048536300000e-03
7.673731446300000e-02	2.338048536300000e-03
7.837002724400000e-02	2.338048536300000e-03
8.000273257500000e-02	2.338048536300000e-03
8.163544535599999e-02	2.338048536300000e-03
8.326815068700000e-02	2.338048536300000e-03
8.490086346900000e-02	2.338048536300000e-03
8.653356879900000e-02	2.338048536300000e-03
8.816628158100000e-02	2.338048536300000e-03
8.979898691200000e-02	2.338048536300000e-03
9.143169969300000e-02	2.607851754900000e-03
9.306440502400000e-02	3.723281901300000e-03
9.469711035500000e-02	5.686714313900000e-03
9.632982313600000e-02	8.482499979400000e-03
9.796252846700000e-02	1.212757267100000e-02
9.959524124900000e-02	1.672687940300000e-02
1.012279465800000e-01	2.252650819700000e-02
1.028606593600000e-01	2.996240556200000e-02
1.044933646900000e-01	3.970235213600000e-02
1.061260774700000e-01	5.265418067600000e-02
1.077587828000000e-01	6.951258331500000e-02
1.093914955900000e-01	9.145303070499999e-02
1.110242009200000e-01	1.196000948500000e-01
1.126569137000000e-01	1.549305319800000e-01
1.142896190300000e-01	1.981898248200000e-01
1.159223318100000e-01	2.498359531200000e-01
1.175550371400000e-01	3.100181520000000e-01
1.191877499200000e-01	3.785901665700000e-01
1.208204552500000e-01	4.551509618800000e-01
1.224531680300000e-01	5.391015410400000e-01
1.240858733700000e-01	6.297070980100000e-01
1.257185787000000e-01	7.261550426500000e-01
1.273512840300000e-01	8.276045918500000e-01
1.289840042600000e-01	9.332246780400000e-01
1.306167095900000e-01	1.042220711700000e+00
1.322494149200000e-01	1.153852582000000e+00
1.338821202500000e-01	1.267443895300000e+00
1.355148404800000e-01	1.382385969200000e+00
1.371475458100000e-01	1.498138070100000e+00
1.387802511500000e-01	1.614224910700000e+00
1.404129564800000e-01	1.730232477200000e+00
1.420456618100000e-01	1.845802664800000e+00
1.436783820400000e-01	1.960628747900000e+00
1.453110873700000e-01	2.074449300800000e+00
1.469437927000000e-01	2.187043666800000e+00
1.485764980300000e-01	2.298227071800000e+00
1.502092182600000e-01	2.407846212400000e+00
1.518419235900000e-01	2.515774965300000e+00
1.534746289300000e-01	2.621912241000000e+00
1.551073342600000e-01	2.726176977200000e+00
1.567400544900000e-01	2.828506469700000e+00
1.583727598200000e-01	2.928853988600000e+00
1.600054651500000e-01	3.027186155300000e+00
1.616381704800000e-01	3.123481273700000e+00
1.632708907100000e-01	3.217727661100000e+00
1.649035960400000e-01	3.309922456700000e+00
1.665363013700000e-01	3.400069713600000e+00
1.681690067100000e-01	3.488180160500000e+00
1.698017269400000e-01	3.574269533200000e+00
1.714344322700000e-01	3.658357858700000e+00
1.730671376000000e-01	3.740468978900000e+00
1.746998429300000e-01	3.820630550400000e+00
1.763325631600000e-01	3.898871660200000e+00
1.779652684900000e-01	3.975224018100000e+00
1.795979738200000e-01	4.049720764200000e+00
1.812306791500000e-01	4.122396946000000e+00
1.828633993900000e-01	4.193288326300000e+00
1.844961047200000e-01	4.262430667900000e+00
1.861288100500000e-01	4.329860687300000e+00
1.877615153800000e-01	4.395616054500000e+00
1.893942207100000e-01	4.459733963000000e+00
1.910269409400000e-01	4.522251606000000e+00
1.926596462700000e-01	4.583205699900000e+00
1.942923516000000e-01	4.642633438100000e+00
1.959250569300000e-01	4.700571060200000e+00
1.975577771700000e-01	4.757054805800000e+00
1.991904825000000e-01	4.812120437600000e+00
2.008231878300000e-01	4.865803241700000e+00
2.024558931600000e-01	4.918136596700000e+00
2.040886133900000e-01	4.969155788400000e+00
2.057213187200000e-01	5.018892765000000e+00
2.073540240500000e-01	5.067381382000000e+00
2.089867293800000e-01	5.114652633700000e+00
2.106194496200000e-01	5.160737991300000e+00
2.122521549500000e-01	5.205668449400000e+00
2.138848602800000e-01	5.249473094900000e+00
2.155175656100000e-01	5.292181968700000e+00
2.171502858400000e-01	5.333822250400000e+00
2.187829911700000e-01	5.374423027000000e+00
2.204156965000000e-01	5.414010524700000e+00
2.220484018300000e-01	5.452611446400000e+00
2.236811220600000e-01	5.490251541100000e+00
2.253138274000000e-01	5.526956081400000e+00
2.269465327300000e-01	5.562748909000000e+00
2.285792380600000e-01	5.597654342700000e+00
2.302119433900000e-01	5.631695270500000e+00
2.318446636200000e-01	5.664894104000000e+00
2.334773689500000e-01	5.697272777600000e+00
2.351100742800000e-01	5.728853225700000e+00
2.367427796100000e-01	5.759655475600000e+00
2.383754998400000e-01	5.789700508100000e+00
2.400082051800000e-01	5.819006919900000e+00
2.416409105100000e-01	5.847595214800000e+00
2.432736158400000e-01	5.875482559200000e+00
2.449063360700000e-01	5.902688503300000e+00
2.465390414000000e-01	5.929229736300000e+00
2.481717467300000e-01	5.955123424500000e+00
2.498044520600000e-01	5.980386257200000e+00
2.514371573900000e-01	6.005034923600000e+00
2.530698776200000e-01	6.029085159300000e+00
2.547025680500000e-01	6.052551746400000e+00
2.563352882900000e-01	6.075449943500000e+00
2.579680085200000e-01	6.097794055900000e+00
2.596006989500000e-01	6.119598865500000e+00
2.612334191800000e-01	6.140877246900000e+00
2.628661096100000e-01	6.161643028300000e+00
2.644988298400000e-01	6.181909084300000e+00
2.661315500700000e-01	6.201688289600000e+00
2.677642405000000e-01	6.220992565200000e+00
2.693969607400000e-01	6.239834308600000e+00
2.710296809700000e-01	6.258224964100000e+00
2.726623714000000e-01	6.276175499000000e+00
2.742950916300000e-01	6.293697834000000e+00
2.759277820600000e-01	6.310801982900000e+00
2.775605022900000e-01	6.327498436000000e+00
2.791932225200000e-01	6.343797683700000e+00
2.808259129500000e-01	6.359709262800000e+00
2.824586331800000e-01	6.375243187000000e+00
2.840913236100000e-01	6.390408515900000e+00
2.857240438500000e-01	6.405214786500000e+00
2.873567640800000e-01	6.419670105000000e+00
2.889894545100000e-01	6.433784008000000e+00
2.906221747400000e-01	6.447564601900000e+00
2.922548949700000e-01	6.461019992800000e+00
2.938875854000000e-01	6.474158287000000e+00
2.955203056300000e-01	6.486987114000000e+00
2.971529960600000e-01	6.499514102900000e+00
2.987857163000000e-01	6.511746883400000e+00
3.004184365300000e-01	6.523692131000000e+00
3.020511269600000e-01	6.535357475300000e+00
3.036838471900000e-01	6.546749115000000e+00
3.053165674200000e-01	6.557874202700000e+00
3.069492578500000e-01	6.568738937400000e+00
3.085819780800000e-01	6.579349994700000e+00
3.102146685100000e-01	6.589712619800000e+00
3.118473887400000e-01	6.599833488500000e+00
3.134801089800000e-01	6.609718799600000e+00
3.151127994100000e-01	6.619373321500000e+00
3.167455196400000e-01	6.628803253200000e+00
3.183782398700000e-01	6.638013839700000e+00
3.200109303000000e-01	6.647010326400000e+00
3.216436505300000e-01	6.655797958400000e+00
3.232763409600000e-01	6.664381027200000e+00
3.249090611900000e-01	6.672765255000000e+00
3.265417814300000e-01	6.680955410000000e+00
3.281744718600000e-01	6.688955783800000e+00
3.298071920900000e-01	6.696770668000000e+00
3.314398825200000e-01	6.704404830900000e+00
3.330726027500000e-01	6.711862564100000e+00
3.347053229800000e-01	6.719148159000000e+00
3.363380134100000e-01	6.726264953600000e+00
3.379707336400000e-01	6.733218193100000e+00
3.396034538700000e-01	6.740010738400000e+00
3.412361443000000e-01	6.746646881100000e+00
3.428688645400000e-01	6.753129959100000e+00
3.445015549700000e-01	6.759463787100000e+00
3.461342752000000e-01	6.765651702900000e+00
3.477669954300000e-01	6.771697521200000e+00
3.493996858600000e-01	6.777604103100000e+00
3.510324060900000e-01	6.783375263200000e+00
3.526651263200000e-01	6.789013862600000e+00
3.542978167500000e-01	6.794522762300000e+00
3.559305369900000e-01	6.799905777000000e+00
3.575632274200000e-01	6.805164814000000e+00
3.591959476500000e-01	6.810303688000000e+00
3.608286678800000e-01	6.815324306500000e+00
3.624613583100000e-01	6.820230484000000e+00
3.640940785400000e-01	6.825024128000000e+00
3.657267987700000e-01	6.829708099400000e+00
3.673594892000000e-01	6.834285259200000e+00
3.689922094300000e-01	6.838757515000000e+00
3.706248998600000e-01	6.843127250700000e+00
3.722576201000000e-01	6.847397327400000e+00
3.738903403300000e-01	6.851570129400000e+00
3.755230307600000e-01	6.855647563900000e+00
3.771557509900000e-01	6.859632015200000e+00
3.787884414200000e-01	6.863525390600000e+00
3.804211616500000e-01	6.867330074300000e+00
3.820538818800000e-01	6.871048450500000e+00
3.836865723100000e-01	6.874681472800000e+00
3.853192925500000e-01	6.878232002300000e+00
3.869520127800000e-01	6.881701469400000e+00
3.885847032100000e-01	6.885092258500000e+00
3.902174234400000e-01	6.888405799900000e+00
3.918501138700000e-01	6.891644001000000e+00
3.934828341000000e-01	6.894808292400000e+00
3.951155543300000e-01	6.897901058200000e+00
3.967482447600000e-01	6.900923252100000e+00
3.983809649900000e-01	6.903876781500000e+00
4.000136852300000e-01	6.906763076800000e+00
4.016463756600000e-01	6.909584045400000e+00
4.032790958900000e-01	6.912340641000000e+00
4.049117863200000e-01	6.915034771000000e+00
4.065445065500000e-01	6.917667865800000e+00
4.081772267800000e-01	6.920241355900000e+00
4.098099172100000e-01	6.922756195100000e+00
4.114426374400000e-01	6.925213813800000e+00
4.130753576800000e-01	6.927616119400000e+00
4.147080481100000e-01	6.929964065600000e+00
4.163407683400000e-01	6.932258606000000e+00
4.179734587700000e-01	6.934500694300000e+00
4.196061790000000e-01	6.936692714700000e+00
4.212388992300000e-01	6.938834667200000e+00
4.228715896600000e-01	6.940927982300000e+00
4.245043098900000e-01	6.942974090600000e+00
4.261370003200000e-01	6.944973945600000e+00
4.277697205500000e-01	6.946928501100000e+00
4.294024407900000e-01	6.948838710800000e+00
4.310351312200000e-01	6.950706005100000e+00
4.326678514500000e-01	6.952530860900000e+00
4.343005716800000e-01	6.954314231900000e+00
4.359332621100000e-01	6.956057548500000e+00
4.375659823400000e-01	6.957761287700000e+00
4.391986727700000e-01	6.959426879900000e+00
4.408313930000000e-01	6.961054325100000e+00
4.424641132400000e-01	6.962645530700000e+00
4.440968036700000e-01	6.964200496700000e+00
4.457295239000000e-01	6.965720176700000e+00
4.473622441300000e-01	6.967205524400000e+00
4.489949345600000e-01	6.968657493600000e+00
4.506276547900000e-01	6.970076561000000e+00
4.522603452200000e-01	6.971463680300000e+00
4.538930654500000e-01	6.972819328300000e+00
4.555257856800000e-01	6.974144458800000e+00
4.571584761100000e-01	6.975440025300000e+00
4.587911963500000e-01	6.976706028000000e+00
4.604238867800000e-01	6.977943420400000e+00
4.620566070100000e-01	6.979152679400000e+00
4.636893272400000e-01	6.980335235600000e+00
4.653220176700000e-01	6.981490612000000e+00
4.669547379000000e-01	6.982620239300000e+00
4.685874581300000e-01	6.983724117300000e+00
4.702201485600000e-01	6.984803199800000e+00
4.718528688000000e-01	6.985857963600000e+00
4.734855592300000e-01	6.986888885500000e+00
4.751182794600000e-01	6.987896919300000e+00
4.767509996900000e-01	6.988881588000000e+00
4.783836901200000e-01	6.989844799000000e+00
4.800164103500000e-01	6.990785598800000e+00
4.816491305800000e-01	6.991705417600000e+00
4.832818210100000e-01	6.992604732500000e+00
4.849145412400000e-01	6.993483543400000e+00
4.865472316700000e-01	6.994342804000000e+00
4.881799519100000e-01	6.995182514200000e+00
4.898126721400000e-01	6.996003627800000e+00
4.914453625700000e-01	6.996805667900000e+00
4.930780828000000e-01	6.997590065000000e+00
4.947108030300000e-01	6.998356819200000e+00
4.963434934600000e-01	6.999105930300000e+00
4.979762136900000e-01	6.999838829000000e+00
4.996089041200000e-01	7.000554561600000e+00
5.012416243600000e-01	7.001254558600000e+00
5.028743147900000e-01	7.001938819900000e+00
5.045070052100000e-01	7.002607345600000e+00
5.061397552500000e-01	7.003261089300000e+00
5.077724456800000e-01	7.003900051100000e+00
5.094051361100000e-01	7.004524231000000e+00
5.110378861400000e-01	7.005135059400000e+00
5.126705765700000e-01	7.005731582600000e+00
5.143032670000000e-01	7.006315231300000e+00
5.159360170400000e-01	7.006885051700000e+00
5.175687074699999e-01	7.007442474400000e+00
5.192013979000000e-01	7.007987499200000e+00
5.208340883300000e-01	7.008520126300000e+00
5.224668383600000e-01	7.009040832500000e+00
5.240995287900000e-01	7.009549617800000e+00
5.257322192200000e-01	7.010046958900000e+00
5.273649692500000e-01	7.010533332800000e+00
5.289976596800000e-01	7.011008262600000e+00
5.306303501100000e-01	7.011473178900000e+00
5.322631001500000e-01	7.011927127800000e+00
5.338957905800000e-01	7.012371063200000e+00
5.355284810099999e-01	7.012804985000000e+00
5.371612310400000e-01	7.013229370100000e+00
5.387939214700000e-01	7.013643741600000e+00
5.404266119000000e-01	7.014049530000000e+00
5.420593619300000e-01	7.014445304900000e+00
5.436920523600000e-01	7.014832973500000e+00
5.453247427900000e-01	7.015211582200000e+00
5.469574332200000e-01	7.015581607800000e+00
5.485901832600000e-01	7.015943527200000e+00
5.502228736900000e-01	7.016296863600000e+00
5.518555641200000e-01	7.016642570500000e+00
5.534883141500000e-01	7.016980648000000e+00
5.551210045800000e-01	7.017310619400000e+00
5.567536950100000e-01	7.017633914900000e+00
5.583864450500000e-01	7.017949581100000e+00
5.600191354800000e-01	7.018258094800000e+00
5.616518259000000e-01	7.018559455900000e+00
5.632845759400000e-01	7.018854141200000e+00
5.649172663699999e-01	7.019142627700000e+00
5.665499568000000e-01	7.019424438500000e+00
5.681826472300000e-01	7.019699573500000e+00
5.698153972600000e-01	7.019968986500000e+00
5.714480876900000e-01	7.020231723800000e+00
5.730807781200000e-01	7.020489215900000e+00
5.747135281600000e-01	7.020740509000000e+00
5.763462185900000e-01	7.020986557000000e+00
5.779789090200000e-01	7.021226882900000e+00
5.796116590500000e-01	7.021461486800000e+00
5.812443494800000e-01	7.021691322300000e+00
5.828770399099999e-01	7.021915435800000e+00
5.845097899400000e-01	7.022134780900000e+00
5.861424803700001e-01	7.022349357600000e+00
5.877751708000000e-01	7.022559166000000e+00
5.894079208400000e-01	7.022764205900000e+00
5.910406112700000e-01	7.022964477500000e+00
5.926733017000000e-01	7.023159980800000e+00
5.943059921300000e-01	7.023351669300000e+00
5.959387421600000e-01	7.023538589500000e+00
5.975714325900000e-01	7.023721694900000e+00
5.992041230200000e-01	7.023900508900000e+00
6.008368730500000e-01	7.024075508100000e+00
6.024695634800000e-01	7.024246215800000e+00
6.041022539100001e-01	7.024413108800000e+00
6.057350039500000e-01	7.024576664000000e+00
6.073676943800000e-01	7.024735927600000e+00
6.090003848100000e-01	7.024892330200000e+00
6.106331348400000e-01	7.025044441200000e+00
6.122658252700000e-01	7.025193691300000e+00
6.138985157000000e-01	7.025339603400000e+00
6.155312061300000e-01	7.025482177700000e+00
6.171639561700000e-01	7.025621414200000e+00
6.187966466000000e-01	7.025757312800000e+00
6.204293370200000e-01	7.025890350300000e+00
6.220620870600000e-01	7.026020526900000e+00
6.236947774900000e-01	7.026147842400000e+00
6.253274679200000e-01	7.026271820100000e+00
6.269602179500000e-01	7.026393413500000e+00
6.285929083800000e-01	7.026512146000000e+00
6.302255988100000e-01	7.026628494300000e+00
6.318583488500000e-01	7.026741981500000e+00
6.334910392799999e-01	7.026853084600000e+00
6.351237297100000e-01	7.026961326600000e+00
6.367564797400000e-01	7.027067661300000e+00
6.383891701700000e-01	7.027171134900000e+00
6.400218606000000e-01	7.027272224400000e+00
6.416545510300000e-01	7.027371406600000e+00
6.432873010600000e-01	7.027468204500000e+00
6.449199914900000e-01	7.027563095100000e+00
6.465526819200000e-01	7.027655601500000e+00
6.481854319600000e-01	7.027746200600000e+00
6.498181223900000e-01	7.027834415400000e+00
6.514508128199999e-01	7.027920723000000e+00
6.530835628500000e-01	7.028005123100000e+00
6.547162532800000e-01	7.028088092800000e+00
6.563489437100000e-01	7.028168678300000e+00
6.579816937400000e-01	7.028247356400000e+00
6.596143841700000e-01	7.028324604000000e+00
6.612470746000000e-01	7.028399944300000e+00
6.628797650300000e-01	7.028473854100000e+00
6.645125150700000e-01	7.028545856500000e+00
6.661452055000000e-01	7.028616428400000e+00
6.677778959300000e-01	7.028685092900000e+00
6.694106459600000e-01	7.028752803800000e+00
6.710433363900000e-01	7.028818607300000e+00
6.726760268200001e-01	7.028882980300000e+00
6.743087768600000e-01	7.028945446000000e+00
6.759414672900000e-01	7.029006958000000e+00
6.775741577100000e-01	7.029067039500000e+00
6.792069077500000e-01	7.029126167300000e+00
6.808395981799999e-01	7.029183387800000e+00
6.824722886100000e-01	7.029239654500000e+00
6.841050386400001e-01	7.029294490800000e+00
6.857377290700000e-01	7.029347896600000e+00
6.873704195000000e-01	7.029400348700000e+00
6.890031099300000e-01	7.029451847100000e+00
6.906358599700000e-01	7.029501915000000e+00
6.922685504000000e-01	7.029551029200000e+00
6.939012408300000e-01	7.029598712900000e+00
6.955339908600000e-01	7.029645443000000e+00
6.971666812900000e-01	7.029691219300000e+00
6.987993717200000e-01	7.029736042000000e+00
7.004321217500000e-01	7.029779911000000e+00
7.020648121800001e-01	7.029822349500000e+00
7.036975026100000e-01	7.029864311200000e+00
7.053302526500000e-01	7.029905319200000e+00
7.069629430800000e-01	7.029945373500000e+00
7.085956335100000e-01	7.029983997300000e+00
7.102283239400000e-01	7.030022144300000e+00
7.118610739700000e-01	7.030059814500000e+00
7.134937644000000e-01	7.030096054100000e+00
7.151264548300000e-01	7.030131816900000e+00
7.167592048600000e-01	7.030166626000000e+00
7.183918952900000e-01	7.030200481400000e+00
7.200245857200001e-01	7.030233860000000e+00
7.216573357600000e-01	7.030266284900000e+00
7.232900261900000e-01	7.030298233000000e+00
7.249227166200000e-01	7.030329227400000e+00
7.265554666500000e-01	7.030359745000000e+00
7.281881570800000e-01	7.030389785800000e+00
7.298208475100000e-01	7.030418396000000e+00
7.314535975499999e-01	7.030447006200000e+00
7.330862879800000e-01	7.030474662800000e+00
7.347189784000000e-01	7.030501842500000e+00
7.363516688300000e-01	7.030528545400000e+00
7.379844188700000e-01	7.030554294600000e+00
7.396171093000000e-01	7.030579567000000e+00
7.412497997300000e-01	7.030604362500000e+00
7.428825497600000e-01	7.030628681200000e+00
7.445152401900000e-01	7.030652523000000e+00
7.461479306200000e-01	7.030675411200000e+00
7.477806806600000e-01	7.030698299400000e+00
7.494133710899999e-01	7.030720233900000e+00
7.510460615200000e-01	7.030742168400000e+00
7.526788115500000e-01	7.030763149300000e+00
7.543115019800000e-01	7.030783653300000e+00
7.559441924100000e-01	7.030804157300000e+00
7.575768828400000e-01	7.030823707600000e+00
7.592096328700000e-01	7.030843257900000e+00
7.608423233000000e-01	7.030861854600000e+00
7.624750137300000e-01	7.030880451200000e+00
7.641077637700000e-01	7.030898571000000e+00
7.657404542000000e-01	7.030916214000000e+00
7.673731446299999e-01	7.030933380100000e+00
7.690058946600000e-01	7.030950069400000e+00
7.706385850900001e-01	7.030966758700000e+00
7.722712755200000e-01	7.030982971200000e+00
7.739040255500000e-01	7.030998706800000e+00
7.755367159800000e-01	7.031013965600000e+00
7.771694064100000e-01	7.031028747600000e+00
7.788021564499999e-01	7.031043529500000e+00
7.804348468800000e-01	7.031057834600000e+00
7.820675373100000e-01	7.031072139700000e+00
7.837002277400000e-01	7.031085968000000e+00
7.853329777700000e-01	7.031099319500000e+00
7.869656682000000e-01	7.031112194100000e+00
7.885983586300001e-01	7.031125068700000e+00
7.902311086700000e-01	7.031137943300000e+00
7.918637991000000e-01	7.031149864200000e+00
7.934964895200000e-01	7.031161785100000e+00
7.951292395600000e-01	7.031173706100000e+00
7.967619299900000e-01	7.031185150100000e+00
7.983946204200000e-01	7.031196117400000e+00
8.000273704500001e-01	7.031207084700000e+00
8.016600608800000e-01	7.031218051900000e+00
8.032927513100000e-01	7.031228542300000e+00
8.049254417400000e-01	7.031238555900000e+00
8.065581917800000e-01	7.031248569500000e+00
8.081908822100000e-01	7.031258583100000e+00
8.098235726400000e-01	7.031268119800000e+00
8.114563226700000e-01	7.031277179700000e+00
8.130890131000000e-01	7.031286239600000e+00
8.147217035300000e-01	7.031295299500000e+00
8.163544535600000e-01	7.031303882600000e+00
8.179871439900001e-01	7.031312465700000e+00
8.196198344200000e-01	7.031321048700000e+00
8.212525844600000e-01	7.031329155000000e+00
8.228852748900000e-01	7.031337261200000e+00
8.245179653200000e-01	7.031344890600000e+00
8.261507153500000e-01	7.031352520000000e+00
8.277834057800000e-01	7.031359672500000e+00
8.294160962100000e-01	7.031367301900000e+00
8.310487866400000e-01	7.031374454500000e+00
8.326815366700000e-01	7.031381130200000e+00
8.343142271000000e-01	7.031387805900000e+00
8.359469175300001e-01	7.031394481700000e+00
8.375796675700000e-01	7.031401157400000e+00
8.392123580000000e-01	7.031407356300000e+00
8.408450484300000e-01	7.031413555100000e+00
8.424777984600000e-01	7.031419754000000e+00
8.441104888900000e-01	7.031425476100000e+00
8.457431793200000e-01	7.031431675000000e+00
8.473759293599999e-01	7.031436920200000e+00
8.490086197900000e-01	7.031442642200000e+00
8.506413102100000e-01	7.031447887400000e+00
8.522740006400000e-01	7.031453609500000e+00
8.539067506800000e-01	7.031458377800000e+00
8.555394411100000e-01	7.031463623000000e+00
8.571721315400000e-01	7.031468391400000e+00
8.588048815700000e-01	7.031473159800000e+00
8.604375720000000e-01	7.031477928200000e+00
8.620702624300000e-01	7.031482696500000e+00
8.637030124700000e-01	7.031487464900000e+00
8.653357028999999e-01	7.031491756400000e+00
8.669683933300000e-01	7.031496048000000e+00
8.686011433600000e-01	7.031500339500000e+00
8.702338337900000e-01	7.031504154200000e+00
8.718665242200000e-01	7.031508445700000e+00
8.734992146500000e-01	7.031512260400000e+00
8.751319646800000e-01	7.031516075100000e+00
8.767646551100000e-01	7.031519889800000e+00
8.783973455400000e-01	7.031523704500000e+00
8.800300955800000e-01	7.031527042400000e+00
8.816627860100000e-01	7.031530857100000e+00
8.832954764399999e-01	7.031534194900000e+00
8.849282264700000e-01	7.031537532800000e+00
8.865609169000001e-01	7.031540870700000e+00
8.881936073300000e-01	7.031544208500000e+00
8.898263573600000e-01	7.031547069500000e+00
8.914590477900000e-01	7.031550407400000e+00
8.930917382200000e-01	7.031553268400000e+00
8.947244882600000e-01	7.031556129500000e+00
8.963571786900000e-01	7.031558990500000e+00
8.979898691200000e-01	7.031561851500000e+00
8.996225595500000e-01	7.031564712500000e+00
9.012553095800000e-01	7.031567096700000e+00
9.028880000100000e-01	7.031569957700000e+00
9.045206904400001e-01	7.031572341900000e+00
9.061534404800000e-01	7.031574726100000e+00
9.077861309100000e-01	7.031577587100000e+00
9.094188213300000e-01	7.031579971300000e+00
9.110515713700000e-01	7.031581878700000e+00
9.126842618000000e-01	7.031584262800000e+00
9.143169522300000e-01	7.031586647000000e+00
9.159497022600001e-01	7.031588554400000e+00
9.175823926900000e-01	7.031590938600000e+00
9.192150831200000e-01	7.031592845900000e+00
9.208477735500000e-01	7.031595230100000e+00
9.224805235900000e-01	7.031597137500000e+00
9.241132140200000e-01	7.031599044800000e+00
9.257459044500000e-01	7.031600952100000e+00
9.273786544800000e-01	7.031602859500000e+00
9.290113449100000e-01	7.031604766800000e+00
9.306440353400000e-01	7.031606197400000e+00
9.322767853700000e-01	7.031608104700000e+00
9.339094758000001e-01	7.031610012100000e+00
9.355421662300000e-01	7.031611442600000e+00
9.371749162700000e-01	7.031612873100000e+00
9.388076067000000e-01	7.031614780400000e+00
9.404402971300000e-01	7.031616210900000e+00
9.420730471600000e-01	7.031617641400000e+00
9.437057375900000e-01	7.031619072000000e+00
9.453384280200000e-01	7.031620502500000e+00
9.469711184500000e-01	7.031621933000000e+00
9.486038684800000e-01	7.031623363500000e+00
9.502365589100000e-01	7.031624794000000e+00
9.518692493399999e-01	7.031626224500000e+00
9.535019993800000e-01	7.031627655000000e+00
9.551346898100000e-01	7.031628608700000e+00
9.567673802400000e-01	7.031630039200000e+00
9.584001302700000e-01	7.031630992900000e+00
9.600328207000000e-01	7.031632423400000e+00
9.616655111300000e-01	7.031633377100000e+00
9.632982611699999e-01	7.031634807600000e+00
9.649309516000000e-01	7.031635761300000e+00
9.665636420200000e-01	7.031636714900000e+00
9.681963324500000e-01	7.031637668600000e+00
9.698290824900000e-01	7.031639099100000e+00
9.714617729200000e-01	7.031640052800000e+00
9.730944633500000e-01	7.031641006500000e+00
9.747272133800000e-01	7.031641960100000e+00
9.763599038100000e-01	7.031642913800000e+00
9.779925942400000e-01	7.031643867500000e+00
9.796253442800000e-01	7.031644821200000e+00
9.812580347099999e-01	7.031645298000000e+00
9.828907251400000e-01	7.031646251700000e+00
9.845234751700001e-01	7.031647205400000e+00
9.861561656000000e-01	7.031648159000000e+00
9.877888560300000e-01	7.031648635900000e+00
9.894216060600000e-01	7.031649589500000e+00
9.910542964900000e-01	7.031650543200000e+00
9.926869869200000e-01	7.031651020100000e+00
9.943196773500000e-01	7.031651973700000e+00
9.959524273900000e-01	7.031652450600000e+00
9.975851178200000e-01	7.031653404200000e+00
9.992178082500000e-01	7.031653881100000e+00
1.000850558300000e+00	7.031654834700000e+00
1.002483248700000e+00	7.031655311600000e+00
1.004115939100000e+00	7.031655788400000e+00
1.005748629600000e+00	7.031656742100000e+00
1.007381320000000e+00	7.031657218900000e+00
1.009014010400000e+00	7.031657695800000e+00
1.010646820100000e+00	7.031658172600000e+00
1.012279510500000e+00	7.031659126300000e+00
1.013912200900000e+00	7.031659603100000e+00
1.015544891400000e+00	7.031660080000000e+00
1.017177581800000e+00	7.031660556800000e+00
1.018810272200000e+00	7.031661033600000e+00
1.020442962600000e+00	7.031661510500000e+00
1.022075772300000e+00	7.031661987300000e+00
1.023708462700000e+00	7.031662464100000e+00
1.025341153100000e+00	7.031662941000000e+00
1.026973843600000e+00	7.031663417800000e+00
1.028606534000000e+00	7.031663894700000e+00
1.030239224400000e+00	7.031664371500000e+00
1.031872034100000e+00	7.031664848300000e+00
1.033504724500000e+00	7.031665325200000e+00
1.035137414900000e+00	7.031665802000000e+00
1.036770105400000e+00	7.031666278800000e+00
1.038402795800000e+00	7.031666755700000e+00
1.040035486200000e+00	7.031666755700000e+00
1.041668176700000e+00	7.031667232500000e+00
1.043300986300000e+00	7.031667709400000e+00
1.044933676700000e+00	7.031668186200000e+00
1.046566367100000e+00	7.031668186200000e+00
1.048199057600000e+00	7.031668663000000e+00
1.049831748000000e+00	7.031669139900000e+00
1.051464438400000e+00	7.031669616700000e+00
1.053097248100000e+00	7.031669616700000e+00
1.054729938500000e+00	7.031670093500000e+00
1.056362628900000e+00	7.031670570400000e+00
1.057995319400000e+00	7.031670570400000e+00
1.059628009800000e+00	7.031671047200000e+00
1.061260700200000e+00	7.031671047200000e+00
1.062893390700000e+00	7.031671524000000e+00
1.064526200300000e+00	7.031672000900000e+00
1.066158890700000e+00	7.031672000900000e+00
1.067791581200000e+00	7.031672477700000e+00
1.069424271600000e+00	7.031672477700000e+00
1.071056962000000e+00	7.031672954600000e+00
1.072689652400000e+00	7.031672954600000e+00
1.074322462100000e+00	7.031673431400000e+00
1.075955152500000e+00	7.031673431400000e+00
1.077587842900000e+00	7.031673908200000e+00
1.079220533400000e+00	7.031673908200000e+00
1.080853223800000e+00	7.031674385100000e+00
1.082485914200000e+00	7.031674385100000e+00
1.084118723900000e+00	7.031674861900000e+00
1.085751414300000e+00	7.031674861900000e+00
1.087384104700000e+00	7.031674861900000e+00
1.089016795200000e+00	7.031675338700000e+00
1.090649485600000e+00	7.031675338700000e+00
1.092282176000000e+00	7.031450748400000e+00
1.093914866400000e+00	7.030840873700000e+00
1.095547676100000e+00	7.029698848700000e+00
1.097180366500000e+00	7.027867794000000e+00
1.098813056900000e+00	7.025171279900000e+00
1.100445747400000e+00	7.021402359000000e+00
1.102078437800000e+00	7.016310691800000e+00
1.103711128200000e+00	7.009579181700000e+00
1.105343937900000e+00	7.000787258100000e+00
1.106976628300000e+00	6.989689827000000e+00
1.108609318700000e+00	6.976140022300000e+00
1.110242009200000e+00	6.959858894300000e+00
1.111874699600000e+00	6.940516471900000e+00
1.113507390000000e+00	6.917721748400000e+00
1.115140080500000e+00	6.891013145400000e+00
1.116772890100000e+00	6.859853744500000e+00
1.118405580500000e+00	6.823627948800000e+00
1.120038271000000e+00	6.781652927400000e+00
1.121670961400000e+00	6.733207702600000e+00
1.123303651800000e+00	6.677599906900000e+00
1.124936342200000e+00	6.614269733400000e+00
1.126569151900000e+00	6.542933940900000e+00
1.128201842300000e+00	6.463726043700000e+00
1.129834532700000e+00	6.377276420600000e+00
1.131467223200000e+00	6.284664154100000e+00
1.133099913600000e+00	6.187239646900000e+00
1.134732604000000e+00	6.086394786800000e+00
1.136365294500000e+00	5.983376026200000e+00
1.137998104100000e+00	5.879188060800000e+00
1.139630794500000e+00	5.774585247000000e+00
1.141263485000000e+00	5.670107364700000e+00
1.142896175400000e+00	5.566127300300000e+00
1.144528865800000e+00	5.462898254400000e+00
1.146161556200000e+00	5.360590457900000e+00
1.147794365900000e+00	5.259316444400000e+00
1.149427056300000e+00	5.159151554100000e+00
1.151059746700000e+00	5.060145854900000e+00
1.152692437200000e+00	4.962330818200000e+00
1.154325127600000e+00	4.865728855100000e+00
1.155957818000000e+00	4.770353317300000e+00
1.157590508500000e+00	4.676213741300000e+00
1.159223318100000e+00	4.583315849300000e+00
1.160856008500000e+00	4.491662502300000e+00
1.162488699000000e+00	4.401256561300000e+00
1.164121389400000e+00	4.312097549400000e+00
1.165754079800000e+00	4.224185943600000e+00
1.167386770200000e+00	4.137520313300000e+00
1.169019579900000e+00	4.052099227900000e+00
1.170652270300000e+00	3.967921257000000e+00
1.172284960700000e+00	3.884983062700000e+00
1.173917651200000e+00	3.803281545600000e+00
1.175550341600000e+00	3.722813844700000e+00
1.177183032000000e+00	3.643575668300000e+00
1.178815841700000e+00	3.565562725100000e+00
1.180448532100000e+00	3.488770723300000e+00
1.182081222500000e+00	3.413194179500000e+00
1.183713913000000e+00	3.338828086900000e+00
1.185346603400000e+00	3.265666484800000e+00
1.186979293800000e+00	3.193703174600000e+00
1.188611984300000e+00	3.122931718800000e+00
1.190244793900000e+00	3.053345203400000e+00
1.191877484300000e+00	2.984936475800000e+00
1.193510174800000e+00	2.917698144900000e+00
1.195142865200000e+00	2.851622104600000e+00
1.196775555600000e+00	2.786700487100000e+00
1.198408246000000e+00	2.722924470900000e+00
1.200041055700000e+00	2.660285472900000e+00
1.201673746100000e+00	2.598774433100000e+00
1.203306436500000e+00	2.538382053400000e+00
1.204939127000000e+00	2.479098796800000e+00
1.206571817400000e+00	2.420914411500000e+00
1.208204507800000e+00	2.363818883900000e+00
1.209837198300000e+00	2.307802200300000e+00
1.211470007900000e+00	2.252853393600000e+00
1.213102698300000e+00	2.198961496400000e+00
1.214735388800000e+00	2.146116018300000e+00
1.216368079200000e+00	2.094305038500000e+00
1.218000769600000e+00	2.043517589600000e+00
1.219633460000000e+00	1.993742108300000e+00
1.221266269700000e+00	1.944966435400000e+00
1.222898960100000e+00	1.897178769100000e+00
1.224531650500000e+00	1.850367069200000e+00
1.226164341000000e+00	1.804519176500000e+00
1.227797031400000e+00	1.759622573900000e+00
1.229429721800000e+00	1.715664863600000e+00
1.231062412300000e+00	1.672633409500000e+00
1.232695221900000e+00	1.630515694600000e+00
1.234327912300000e+00	1.589298844300000e+00
1.235960602800000e+00	1.548969984100000e+00
1.237593293200000e+00	1.509516477600000e+00
1.239225983600000e+00	1.470925092700000e+00
1.240858674000000e+00	1.433182954800000e+00
1.242491483700000e+00	1.396276950800000e+00
1.244124174100000e+00	1.360194325400000e+00
1.245756864500000e+00	1.324921727200000e+00
1.247389555000000e+00	1.290446162200000e+00
1.249022245400000e+00	1.256754756000000e+00
1.250654935800000e+00	1.223834157000000e+00
1.252287626300000e+00	1.191671609900000e+00
1.253920435900000e+00	1.160254120800000e+00
1.255553126300000e+00	1.129568576800000e+00
1.257185816800000e+00	1.099602103200000e+00
1.258818507200000e+00	1.070342063900000e+00
1.260451197600000e+00	1.041775465000000e+00
1.262083888100000e+00	1.013889551200000e+00
1.263716697700000e+00	9.866719245900000e-01
1.265349388100000e+00	9.601097703000000e-01
1.266982078600000e+00	9.341908097300000e-01
1.268614769000000e+00	9.089025259000000e-01
1.270247459400000e+00	8.842327594800000e-01
1.271880149800000e+00	8.601692318900001e-01
1.273512959500000e+00	8.367000222200000e-01
1.275145649900000e+00	8.138130903200000e-01
1.276778340300000e+00	7.914966344800000e-01
1.278411030800000e+00	7.697389721900000e-01
1.280043721200000e+00	7.485285401300000e-01
1.281676411600000e+00	7.278538942300000e-01
1.283309102100000e+00	7.077037096000000e-01
1.284941911700000e+00	6.880668997800000e-01
1.286574602100000e+00	6.689323782900000e-01
1.288207292600000e+00	6.502892971000001e-01
1.289839983000000e+00	6.321269273800000e-01
1.291472673400000e+00	6.144347190900000e-01
1.293105363800000e+00	5.972022414200000e-01
1.294738173500000e+00	5.804192423800000e-01
1.296370863900000e+00	5.640755295800000e-01
1.298003554300000e+00	5.481612086300000e-01
1.299636244800000e+00	5.326664447800000e-01
1.301268935200000e+00	5.175815820700000e-01
1.302901625600000e+00	5.028972029700000e-01
1.304534316100000e+00	4.886039495500000e-01
1.306167125700000e+00	4.746926128900000e-01
1.307799816100000e+00	4.611541926900000e-01
1.309432506600000e+00	4.479798674600000e-01
1.311065197000000e+00	4.351609051200000e-01
1.312697887400000e+00	4.226888418200000e-01
1.314330577900000e+00	4.105552136900000e-01
1.315963387500000e+00	3.987518847000000e-01
1.317596077900000e+00	3.872707188100000e-01
1.319228768300000e+00	3.761038780200000e-01
1.320861458800000e+00	3.652435839200000e-01
1.322494149200000e+00	3.546822071100000e-01
1.324126839600000e+00	3.444123566200000e-01
1.325759530100000e+00	3.344267010700000e-01
1.327392339700000e+00	3.247180879100000e-01
1.329025030100000e+00	3.152795434000000e-01
1.330657720600000e+00	3.061042130000000e-01
1.332290411000000e+00	2.971853911900000e-01
1.333923101400000e+00	2.885165214500000e-01
1.335555791900000e+00	2.800911665000000e-01
1.337188601500000e+00	2.719030380200000e-01
1.338821291900000e+00	2.639460265600000e-01
1.340453982400000e+00	2.562140822400000e-01
1.342086672800000e+00	2.487013489000000e-01
1.343719363200000e+00	2.414020896000000e-01
1.345352053600000e+00	2.343106716900000e-01
1.346984744100000e+00	2.274216264500000e-01
1.348617553700000e+00	2.207295894600000e-01
1.350250244100000e+00	2.142293304200000e-01
1.351882934600000e+00	2.079157382200000e-01
1.353515625000000e+00	2.017838060900000e-01
1.355148315400000e+00	1.958286613200000e-01
1.356781005900000e+00	1.900455504700000e-01
1.358413815500000e+00	1.844298243500000e-01
1.360046505900000e+00	1.789769381300000e-01
1.361679196400000e+00	1.736824810500000e-01
1.363311886800000e+00	1.685421317800000e-01
1.364944577200000e+00	1.635516881900000e-01
1.366577267600000e+00	1.587070077700000e-01
1.368210077300000e+00	1.540041118900000e-01
1.369842767700000e+00	1.494390666500000e-01
1.371475458100000e+00	1.450080871600000e-01
1.373108148600000e+00	1.407074481200000e-01
1.374740839000000e+00	1.365335136700000e-01
1.376373529400000e+00	1.324827671100000e-01
1.378006219900000e+00	1.285517662800000e-01
1.379639029500000e+00	1.247371584200000e-01
1.381271719900000e+00	1.210356652700000e-01
1.382904410400000e+00	1.174441054500000e-01
1.384537100800000e+00	1.139593869400000e-01
1.386169791200000e+00	1.105784773800000e-01
1.387802481700000e+00	1.072984337800000e-01
1.389435291300000e+00	1.041163951200000e-01
1.391067981700000e+00	1.010295748700000e-01
1.392700672100000e+00	9.803525358400000e-02
1.394333362600000e+00	9.513077139900000e-02
1.395966053000000e+00	9.231357276400000e-02
1.397598743400000e+00	8.958113938600000e-02
1.399231433900000e+00	8.693102747200000e-02
1.400864243500000e+00	8.436087518900000e-02
1.402496933900000e+00	8.186836540700000e-02
1.404129624400000e+00	7.945124805000001e-02
1.405762314800000e+00	7.710733264700000e-02
1.407395005200000e+00	7.483449578300000e-02
1.409027695700000e+00	7.263066619600000e-02
1.410660505300000e+00	7.049382478000001e-02
1.412293195700000e+00	6.842202693200000e-02
1.413925886200000e+00	6.641335040300000e-02
1.415558576600000e+00	6.446594744900000e-02
1.417191267000000e+00	6.257802993100001e-02
1.418823957400000e+00	6.074782833500000e-02
1.420456647900000e+00	5.897365137900000e-02
1.422089457500000e+00	5.725383758500000e-02
1.423722147900000e+00	5.558678135300000e-02
1.425354838400000e+00	5.397091433400000e-02
1.426987528800000e+00	5.240472406100000e-02
1.428620219200000e+00	5.088672787000000e-02
1.430252909700000e+00	4.941549152100000e-02
1.431885719300000e+00	4.798961803300000e-02
1.433518409700000e+00	4.660775512500000e-02
1.435151100200000e+00	4.526858404300000e-02
1.436783790600000e+00	4.397082701300000e-02
1.438416481000000e+00	4.271323978900000e-02
1.440049171400000e+00	4.149461537600000e-02
1.441681861900000e+00	4.031378030800000e-02
1.443314671500000e+00	3.916959837100000e-02
1.444947361900000e+00	3.806096315400000e-02
1.446580052400000e+00	3.698679804800000e-02
1.448212742800000e+00	3.594605997200000e-02
1.449845433200000e+00	3.493773564700000e-02
1.451478123700000e+00	3.396084904700000e-02
1.453110933300000e+00	3.301443532100000e-02
1.454743623700000e+00	3.209757432300000e-02
1.456376314200000e+00	3.120936453300000e-02
1.458009004600000e+00	3.034893237100000e-02
1.459641695000000e+00	2.951542846900000e-02
1.461274385500000e+00	2.870803140100000e-02
1.462907195100000e+00	2.792594209300000e-02
1.464539885500000e+00	2.716838382200000e-02
1.466172576000000e+00	2.643460780400000e-02
1.467805266400000e+00	2.572388388200000e-02
1.469437956800000e+00	2.503550052600000e-02
1.471070647200000e+00	2.436877228300000e-02
1.472703337700000e+00	2.372303232600000e-02
1.474336147300000e+00	2.309763245300000e-02
1.475968837700000e+00	2.249194681600000e-02
1.477601528200000e+00	2.190536633100000e-02
1.479234218600000e+00	2.133729867600000e-02
1.480866909000000e+00	2.078717201900000e-02
1.482499599500000e+00	2.025442943000000e-02
1.484132409100000e+00	1.973853446500000e-02
1.485765099500000e+00	1.923895999800000e-02
1.487397790000000e+00	1.875520311300000e-02
1.489030480400000e+00	1.828677021000000e-02
1.490663170800000e+00	1.783318258800000e-02
1.492295861200000e+00	1.739398203800000e-02
1.493928551700000e+00	1.696871593600000e-02
1.495561361300000e+00	1.655695028600000e-02
1.497194051700000e+00	1.615826413000000e-02
1.498826742200000e+00	1.577224955000000e-02
1.500459432600000e+00	1.577224955000000e-02
