time	q
0.000000000000000e+00	5.000000000000000e-03
2.329844157631534e-03	5.000000000000000e-03
4.659688315263068e-03	5.000000000000000e-03
6.989532472894602e-03	5.000000000000000e-03
9.319376630526136e-03	5.000000000000000e-03
1.164922078815767e-02	5.000000000000000e-03
1.397906494578920e-02	5.000000000000000e-03
1.630890910342074e-02	5.000000000000000e-03
1.863875326105227e-02	5.000000000000000e-03
2.096859741868380e-02	5.000000000000000e-03
2.329844157631534e-02	5.000000000000000e-03
2.562828573394687e-02	5.000000000000000e-03
2.795812989157841e-02	5.000000000000000e-03
3.028797404920994e-02	5.000000000000000e-03
3.261781820684147e-02	5.000000000000000e-03
3.494766236447301e-02	5.000000000000000e-03
3.727750652210454e-02	5.000000000000000e-03
3.960735067973607e-02	5.000000000000000e-03
4.193719483736760e-02	5.000000000000000e-03
4.426703899499913e-02	5.000000000000000e-03
4.659688315263066e-02	5.000000000000000e-03
4.892672731026219e-02	5.000000000000000e-03
5.125657146789372e-02	5.000000000000000e-03
5.358641562552525e-02	5.000000000000000e-03
5.591625978315679e-02	5.000000000000000e-03
5.824610394078832e-02	5.000000000000000e-03
6.057594809841985e-02	5.000000000000000e-03
6.290579225605138e-02	5.000000000000000e-03
6.523563641368291e-02	5.000000000000000e-03
6.756548057131444e-02	5.000000000000000e-03
6.989532472894597e-02	5.000000000000000e-03
7.222516888657750e-02	5.000000000000000e-03
7.455501304420903e-02	5.000000000000000e-03
7.688485720184056e-02	5.000000000000000e-03
7.921470135947209e-02	5.000000000000000e-03
8.154454551710362e-02	5.000000000000000e-03
8.387438967473515e-02	5.000000000000000e-03
8.620423383236668e-02	5.000000000000000e-03
8.853407798999821e-02	5.000000000000000e-03
9.086392214762974e-02	5.000000000000000e-03
9.319376630526127e-02	5.001012721139977e-03
9.552361046289280e-02	5.027163856114893e-03
9.785345462052433e-02	5.213727418466197e-03
1.001832987781560e-01	5.968841879896629e-03
1.025131429357870e-01	8.190673754124337e-03
1.048429870934190e-01	1.350559615159653e-02
1.071728312510500e-01	2.343477707613125e-02
1.095026754086820e-01	3.822773716601564e-02
1.118325195663140e-01	5.802910411405268e-02
1.141623637239450e-01	8.254017945663220e-02
1.164922078815770e-01	1.110839210212620e-01
1.188220520392080e-01	1.427222612726860e-01
1.211518961968400e-01	1.763984511079830e-01
1.234817403544710e-01	2.110713286288100e-01
1.258115845121030e-01	2.458165842392840e-01
1.281414286697340e-01	2.798849515438350e-01
1.304712728273660e-01	3.127205959536910e-01
1.328011169849970e-01	3.439504849348600e-01
1.351309611426290e-01	3.733571593348930e-01
1.374608053002600e-01	4.008452558017660e-01
1.397906494578920e-01	4.264087122036960e-01
1.421204936155240e-01	4.501023734910020e-01
1.444503377731550e-01	4.720193618518370e-01
1.467801819307870e-01	4.922741466191590e-01
1.491100260884180e-01	5.109905451159920e-01
1.514398702460500e-01	5.282936515231270e-01
1.537697144036810e-01	5.443047165124760e-01
1.560995585613130e-01	5.591381429508430e-01
1.584294027189440e-01	5.728999385055730e-01
1.607592468765760e-01	5.856871318808460e-01
1.630890910342070e-01	5.975877983446590e-01
1.654189351918390e-01	6.086814485133200e-01
1.677487793494700e-01	6.190396147920120e-01
1.700786235071020e-01	6.287265274825000e-01
1.724084676647340e-01	6.377998126528710e-01
1.747383118223650e-01	6.463111710521749e-01
1.770681559799970e-01	6.543070153500290e-01
1.793980001376280e-01	6.618290545910650e-01
1.817278442952600e-01	6.689148220186349e-01
1.840576884528910e-01	6.755981467879240e-01
1.863875326105230e-01	6.819095725582570e-01
1.887173767681540e-01	6.878767272103870e-01
1.910472209257860e-01	6.935246484340130e-01
1.933770650834170e-01	6.988760699750450e-01
1.957069092410490e-01	7.039516731167740e-01
1.980367533986810e-01	7.087703076185510e-01
2.003665975563120e-01	7.133491859272040e-01
2.026964417139440e-01	7.177040540568310e-01
2.050262858715750e-01	7.218493421285370e-01
2.073561300292070e-01	7.257982971872580e-01
2.096859741868380e-01	7.295631005743139e-01
2.120158183444700e-01	7.331549718334390e-01
2.143456625021010e-01	7.365842608635300e-01
2.166755066597330e-01	7.398605298007850e-01
2.190053508173640e-01	7.429926259129210e-01
2.213351949749960e-01	7.459887466154760e-01
2.236650391326280e-01	7.488564975713320e-01
2.259948832902590e-01	7.516029447065450e-01
2.283247274478910e-01	7.542346608654480e-01
2.306545716055220e-01	7.567577677332830e-01
2.329844157631540e-01	7.591779735732230e-01
2.353142599207850e-01	7.615006072544970e-01
2.376441040784170e-01	7.637306489879920e-01
2.399739482360480e-01	7.658727581335600e-01
2.423037923936800e-01	7.679312983982920e-01
2.446336365513110e-01	7.699103607060740e-01
2.469634807089430e-01	7.718137839850040e-01
2.492933248665750e-01	7.736451740899720e-01
2.516231690242060e-01	7.754079210522530e-01
2.539530131818380e-01	7.771052148257770e-01
2.562828573394690e-01	7.787400596804041e-01
2.586127014971010e-01	7.803152873756251e-01
2.609425456547320e-01	7.818335692332880e-01
2.632723898123640e-01	7.832974272149780e-01
2.656022339699950e-01	7.847092440982510e-01
2.679320781276270e-01	7.860712728358950e-01
2.702619222852580e-01	7.873856451735110e-01
2.725917664428900e-01	7.886543795929090e-01
2.749216106005220e-01	7.898793886418620e-01
2.772514547581530e-01	7.910624857046760e-01
2.795812989157850e-01	7.922053912625240e-01
2.819111430734160e-01	7.933097386877310e-01
2.842409872310480e-01	7.943770796118230e-01
2.865708313886790e-01	7.954088889033590e-01
2.889006755463110e-01	7.964065692881120e-01
2.912305197039420e-01	7.973714556411110e-01
2.935603638615740e-01	7.983048189773100e-01
2.958902080192050e-01	7.992078701651800e-01
2.982200521768370e-01	8.000817633853270e-01
3.005498963344680e-01	8.009275993542420e-01
3.028797404921000e-01	8.017464283315020e-01
3.052095846497320e-01	8.025392529271340e-01
3.075394288073630e-01	8.033070307244000e-01
3.098692729649950e-01	8.040506767319520e-01
3.121991171226260e-01	8.047710656781030e-01
3.145289612802580e-01	8.054690341589140e-01
3.168588054378890e-01	8.061453826507869e-01
3.191886495955210e-01	8.068008773974040e-01
3.215184937531520e-01	8.074362521800310e-01
3.238483379107840e-01	8.080522099794690e-01
3.261781820684150e-01	8.086494245372990e-01
3.285080262260470e-01	8.092285418234250e-01
3.308378703836790e-01	8.097901814164040e-01
3.331677145413100e-01	8.103349378025100e-01
3.354975586989420e-01	8.108633815990680e-01
3.378274028565730e-01	8.113760607071110e-01
3.401572470142050e-01	8.118735013980980e-01
3.424870911718360e-01	8.123562093390090e-01
3.448169353294680e-01	8.128246705598710e-01
3.471467794870990e-01	8.132793523674250e-01
3.494766236447310e-01	8.137207042084040e-01
3.518064678023620e-01	8.141491584856230e-01
3.541363119599940e-01	8.145651313298560e-01
3.564661561176260e-01	8.149690233302760e-01
3.587960002752570e-01	8.153612202260190e-01
3.611258444328890e-01	8.157420935612590e-01
3.634556885905200e-01	8.161120013060320e-01
3.657855327481520e-01	8.164712884448710e-01
3.681153769057830e-01	8.168202875351840e-01
3.704452210634150e-01	8.171593192371760e-01
3.727750652210460e-01	8.174886928169900e-01
3.751049093786780e-01	8.178087066246420e-01
3.774347535363090e-01	8.181196485482070e-01
3.797645976939410e-01	8.184217964456220e-01
3.820944418515730e-01	8.187154185553940e-01
3.844242860092040e-01	8.190007738873920e-01
3.867541301668360e-01	8.192781125948680e-01
3.890839743244670e-01	8.195476763287231e-01
3.914138184820990e-01	8.198096985750341e-01
3.937436626397300e-01	8.200644049767321e-01
3.960735067973620e-01	8.203120136403120e-01
3.984033509549930e-01	8.205527354283890e-01
4.007331951126250e-01	8.207867742388399e-01
4.030630392702560e-01	8.210143272712600e-01
4.053928834278880e-01	8.212355852814160e-01
4.077227275855200e-01	8.214507328242910e-01
4.100525717431510e-01	8.216599484863570e-01
4.123824159007830e-01	8.218634051075970e-01
4.147122600584140e-01	8.220612699938310e-01
4.170421042160460e-01	8.222537051198140e-01
4.193719483736770e-01	8.224408673235940e-01
4.217017925313090e-01	8.226229084925620e-01
4.240316366889400e-01	8.227999757415960e-01
4.263614808465720e-01	8.229722115837140e-01
4.286913250042030e-01	8.231397540935760e-01
4.310211691618350e-01	8.233027370642160e-01
4.333510133194670e-01	8.234612901572950e-01
4.356808574770980e-01	8.236155390472230e-01
4.380107016347300e-01	8.237656055594140e-01
4.403405457923610e-01	8.239116078029670e-01
4.426703899499930e-01	8.240536602980320e-01
4.450002341076240e-01	8.241918740981120e-01
4.473300782652560e-01	8.243263569075270e-01
4.496599224228870e-01	8.244572131942750e-01
4.519897665805190e-01	8.245845442984910e-01
4.543196107381500e-01	8.247084485367060e-01
4.566494548957820e-01	8.248290213021080e-01
4.589792990534140e-01	8.249463551609580e-01
4.613091432110450e-01	8.250605399453590e-01
4.636389873686770e-01	8.251716628425250e-01
4.659688315263080e-01	8.252798084807020e-01
4.682986756839400e-01	8.253850590118980e-01
4.706285198415710e-01	8.254874941915530e-01
4.729583639992030e-01	8.255871914552710e-01
4.752882081568340e-01	8.256842259927660e-01
4.776180523144660e-01	8.257786708191130e-01
4.799478964720970e-01	8.258705968434290e-01
4.822777406297290e-01	8.259600729350990e-01
4.846075847873600e-01	8.260471659876290e-01
4.869374289449920e-01	8.261319409802510e-01
4.892672731026240e-01	8.262144610373460e-01
4.915971172602550e-01	8.262947874857920e-01
4.939269614178870e-01	8.263729799103100e-01
4.962568055755180e-01	8.264490962069010e-01
4.985866497331500e-01	8.265231926344340e-01
5.009164938907810e-01	8.265953238644760e-01
5.032463380484130e-01	8.266655430294140e-01
5.055761822060439e-01	8.267339017689600e-01
5.079060263636760e-01	8.268004502750760e-01
5.102358705213070e-01	8.268652373354010e-01
5.125657146789390e-01	8.269283103752290e-01
5.148955588365700e-01	8.269897154980890e-01
5.172254029942021e-01	8.270494975249920e-01
5.195552471518330e-01	8.271077000323850e-01
5.218850913094650e-01	8.271643653888640e-01
5.242149354670960e-01	8.272195347906930e-01
5.265447796247280e-01	8.272732482961760e-01
5.288746237823591e-01	8.273255448589160e-01
5.312044679399910e-01	8.273764623600121e-01
5.335343120976220e-01	8.274260376392230e-01
5.358641562552540e-01	8.274743065251500e-01
5.381940004128850e-01	8.275213038644480e-01
5.405238445705171e-01	8.275670635501340e-01
5.428536887281480e-01	8.276116185489930e-01
5.451835328857800e-01	8.276550009281390e-01
5.475133770434110e-01	8.276972418807400e-01
5.498432212010430e-01	8.277383717509510e-01
5.521730653586741e-01	8.277784200580750e-01
5.545029095163060e-01	8.278174155199840e-01
5.568327536739370e-01	8.278553860758190e-01
5.591625978315690e-01	8.278923589080009e-01
5.614924419892000e-01	8.279283604635670e-01
5.638222861468311e-01	8.279634164748700e-01
5.661521303044630e-01	8.279975519796420e-01
5.684819744620940e-01	8.280307913404610e-01
5.708118186197260e-01	8.280631582636370e-01
5.731416627773570e-01	8.280946758175231e-01
5.754715069349891e-01	8.281253664502950e-01
5.778013510926200e-01	8.281552520071930e-01
5.801311952502520e-01	8.281843537472570e-01
5.824610394078830e-01	8.282126923595710e-01
5.847908835655150e-01	8.282402879790240e-01
5.871207277231461e-01	8.282671602016169e-01
5.894505718807780e-01	8.282933280993160e-01
5.917804160384090e-01	8.283188102344730e-01
5.941102601960410e-01	8.283436246738320e-01
5.964401043536720e-01	8.283677890021300e-01
5.987699485113041e-01	8.283913203352939e-01
6.010997926689350e-01	8.284142353332750e-01
6.034296368265670e-01	8.284365502124970e-01
6.057594809841980e-01	8.284582807579610e-01
6.080893251418300e-01	8.284794423349950e-01
6.104191692994611e-01	8.285000499006751e-01
6.127490134570930e-01	8.285201180149160e-01
6.150788576147240e-01	8.285396608512490e-01
6.174087017723560e-01	8.285586922072971e-01
6.197385459299870e-01	8.285772255149531e-01
6.220683900876190e-01	8.285952738502650e-01
6.243982342452500e-01	8.286128499430520e-01
6.267280784028820e-01	8.286299661862450e-01
6.290579225605130e-01	8.286466346449680e-01
6.313877667181450e-01	8.286628670653610e-01
6.337176108757760e-01	8.286786748831660e-01
6.360474550334080e-01	8.286940692320620e-01
6.383772991910390e-01	8.287090609517780e-01
6.407071433486710e-01	8.287236605959770e-01
6.430369875063020e-01	8.287378784399190e-01
6.453668316639340e-01	8.287517244879170e-01
6.476966758215650e-01	8.287652084805860e-01
6.500265199791970e-01	8.287783399018880e-01
6.523563641368280e-01	8.287911279859890e-01
6.546862082944600e-01	8.288035817239250e-01
6.570160524520910e-01	8.288157098700820e-01
6.593458966097230e-01	8.288275209485070e-01
6.616757407673540e-01	8.288390232590340e-01
6.640055849249860e-01	8.288502248832590e-01
6.663354290826170e-01	8.288611336903330e-01
6.686652732402480e-01	8.288717573426140e-01
6.709951173978800e-01	8.288821033011560e-01
6.733249615555110e-01	8.288921788310500e-01
6.756548057131430e-01	8.289019910066250e-01
6.779846498707740e-01	8.289115467165010e-01
6.803144940284060e-01	8.289208526685080e-01
6.826443381860370e-01	8.289299153944770e-01
6.849741823436690e-01	8.289387412548930e-01
6.873040265013000e-01	8.289473364434310e-01
6.896338706589320e-01	8.289557069913610e-01
6.919637148165630e-01	8.289638587718430e-01
6.942935589741950e-01	8.289717975041000e-01
6.966234031318260e-01	8.289795287574840e-01
6.989532472894580e-01	8.289870579554270e-01
7.012830914470890e-01	8.289943903792940e-01
7.036129356047210e-01	8.290015311721241e-01
7.059427797623520e-01	8.290084853422780e-01
7.082726239199840e-01	8.290152577669850e-01
7.106024680776150e-01	8.290218531957970e-01
7.129323122352470e-01	8.290282762539470e-01
7.152621563928780e-01	8.290345314456220e-01
7.175920005505100e-01	8.290406231571470e-01
7.199218447081410e-01	8.290465556600820e-01
7.222516888657730e-01	8.290523331142430e-01
7.245815330234040e-01	8.290579595706330e-01
7.269113771810360e-01	8.290634389743050e-01
7.292412213386670e-01	8.290687751671409e-01
7.315710654962990e-01	8.290739718905640e-01
7.339009096539300e-01	8.290790327881710e-01
7.362307538115620e-01	8.290839614083050e-01
7.385605979691930e-01	8.290887612065480e-01
7.408904421268250e-01	8.290934355481580e-01
7.432202862844560e-01	8.290979877104370e-01
7.455501304420880e-01	8.291024208850341e-01
7.478799745997190e-01	8.291067381801950e-01
7.502098187573510e-01	8.291109426229410e-01
7.525396629149820e-01	8.291150371612021e-01
7.548695070726140e-01	8.291190246658890e-01
7.571993512302450e-01	8.291229079329040e-01
7.595291953878770e-01	8.291266896851130e-01
7.618590395455080e-01	8.291303725742500e-01
7.641888837031400e-01	8.291339591827860e-01
7.665187278607710e-01	8.291374520257340e-01
7.688485720184030e-01	8.291408535524200e-01
7.711784161760340e-01	8.291441661482000e-01
7.735082603336650e-01	8.291473921361300e-01
7.758381044912970e-01	8.291505337786010e-01
7.781679486489280e-01	8.291535932789210e-01
7.804977928065600e-01	8.291565727828600e-01
7.828276369641910e-01	8.291594743801580e-01
7.851574811218230e-01	8.291623001059850e-01
7.874873252794540e-01	8.291650519423700e-01
7.898171694370860e-01	8.291677318195900e-01
7.921470135947170e-01	8.291703416175190e-01
7.944768577523490e-01	8.291728831669510e-01
7.968067019099800e-01	8.291753582508770e-01
7.991365460676120e-01	8.291777686057350e-01
8.014663902252430e-01	8.291801159226280e-01
8.037962343828750e-01	8.291824018485060e-01
8.061260785405060e-01	8.291846279873200e-01
8.084559226981380e-01	8.291867959011450e-01
8.107857668557690e-01	8.291889071112750e-01
8.131156110134010e-01	8.291909630992850e-01
8.154454551710320e-01	8.291929653080680e-01
8.177752993286640e-01	8.291949151428490e-01
8.201051434862950e-01	8.291968139721650e-01
8.224349876439270e-01	8.291986631288240e-01
8.247648318015580e-01	8.292004639108360e-01
8.270946759591900e-01	8.292022175823230e-01
8.294245201168210e-01	8.292039253744050e-01
8.317543642744530e-01	8.292055884860570e-01
8.340842084320840e-01	8.292072080849530e-01
8.364140525897160e-01	8.292087853082780e-01
8.387438967473470e-01	8.292103212635300e-01
8.410737409049790e-01	8.292118170292860e-01
8.434035850626100e-01	8.292132736559670e-01
8.457334292202420e-01	8.292146921665640e-01
8.480632733778730e-01	8.292160735573590e-01
8.503931175355049e-01	8.292174187986190e-01
8.527229616931360e-01	8.292187288352780e-01
8.550528058507680e-01	8.292200045875950e-01
8.573826500083990e-01	8.292212469517990e-01
8.597124941660310e-01	8.292224568007170e-01
8.620423383236619e-01	8.292236349843830e-01
8.643721824812940e-01	8.292247823306350e-01
8.667020266389250e-01	8.292258996456900e-01
8.690318707965570e-01	8.292269877147140e-01
8.713617149541880e-01	8.292280473023650e-01
8.736915591118199e-01	8.292290791533330e-01
8.760214032694510e-01	8.292300839928600e-01
8.783512474270820e-01	8.292310625272450e-01
8.806810915847140e-01	8.292320154443400e-01
8.830109357423450e-01	8.292329434140330e-01
8.853407798999769e-01	8.292338470887139e-01
8.876706240576080e-01	8.292347271037320e-01
8.900004682152400e-01	8.292355840778410e-01
8.923303123728710e-01	8.292364186136330e-01
8.946601565305030e-01	8.292372312979570e-01
8.969900006881339e-01	8.292380227023340e-01
8.993198448457660e-01	8.292387933833530e-01
9.016496890033970e-01	8.292395438830640e-01
9.039795331610290e-01	8.292402747293550e-01
9.063093773186600e-01	8.292409864363240e-01
9.086392214762919e-01	8.292416795046340e-01
9.109690656339230e-01	8.292423544218700e-01
9.132989097915550e-01	8.292430116628760e-01
9.156287539491860e-01	8.292436516900880e-01
9.179585981068180e-01	8.292442749538610e-01
9.202884422644489e-01	8.292448818927800e-01
9.226182864220810e-01	8.292454729339680e-01
9.249481305797120e-01	8.292460484933890e-01
9.272779747373440e-01	8.292466089761350e-01
9.296078188949750e-01	8.292471547767100e-01
9.319376630526069e-01	8.292476862793110e-01
9.342675072102380e-01	8.292482038580899e-01
9.365973513678700e-01	8.292487078774220e-01
9.389271955255010e-01	8.292491986921580e-01
9.412570396831330e-01	8.292496766478720e-01
9.435868838407639e-01	8.292501420811080e-01
9.459167279983960e-01	8.292505953196100e-01
9.482465721560270e-01	8.292510366825550e-01
9.505764163136590e-01	8.292514664807760e-01
9.529062604712900e-01	8.292518850169810e-01
9.552361046289219e-01	8.292522925859630e-01
9.575659487865530e-01	8.292526894748080e-01
9.598957929441850e-01	8.292530759630961e-01
9.622256371018160e-01	8.292534523230960e-01
9.645554812594480e-01	8.292538188199600e-01
9.668853254170789e-01	8.292541757119040e-01
9.692151695747110e-01	8.292545232503949e-01
9.715450137323420e-01	8.292548616803200e-01
9.738748578899740e-01	8.292551912401670e-01
9.762047020476050e-01	8.292555121621820e-01
9.785345462052361e-01	8.292558246725410e-01
9.808643903628680e-01	8.292561289915020e-01
9.831942345204990e-01	8.292564253335640e-01
9.855240786781310e-01	8.292567139076150e-01
9.878539228357620e-01	8.292569949170790e-01
9.901837669933941e-01	8.292572685600580e-01
9.925136111510250e-01	8.292575350294750e-01
9.948434553086570e-01	8.292577945132040e-01
9.971732994662880e-01	8.292580471942030e-01
9.995031436239200e-01	8.292582932506470e-01
1.001832987781550e+00	8.292585328560470e-01
1.004162831939180e+00	8.292587661793750e-01
1.006492676096810e+00	8.292589933851831e-01
1.008822520254450e+00	8.292592146337170e-01
1.011152364412080e+00	8.292594300810290e-01
1.013482208569710e+00	8.292596398790890e-01
1.015812052727340e+00	8.292598441758900e-01
1.018141896884970e+00	8.292600431155520e-01
1.020471741042600e+00	8.292602368384240e-01
1.022801585200240e+00	8.292604254811820e-01
1.025131429357870e+00	8.292606091769250e-01
1.027461273515500e+00	8.292607880552680e-01
1.029791117673130e+00	8.292609622424350e-01
1.032120961830760e+00	8.292611318613440e-01
1.034450805988390e+00	8.292612970316970e-01
1.036780650146030e+00	8.292614578700640e-01
1.039110494303660e+00	8.292616144899621e-01
1.041440338461290e+00	8.292617670019370e-01
1.043770182618920e+00	8.292619155136410e-01
1.046100026776550e+00	8.292620601299080e-01
1.048429870934180e+00	8.292622009528270e-01
1.050759715091820e+00	8.292623380818150e-01
1.053089559249450e+00	8.292624716136860e-01
1.055419403407080e+00	8.292626016427180e-01
1.057749247564710e+00	8.292627282607220e-01
1.060079091722340e+00	8.292628515571050e-01
1.062408935879970e+00	8.292629716189320e-01
1.064738780037600e+00	8.292630885309880e-01
1.067068624195240e+00	8.292632023758389e-01
1.069398468352870e+00	8.292633132338880e-01
1.071728312510500e+00	8.292634211834330e-01
1.074058156668130e+00	8.292635263007200e-01
1.076388000825760e+00	8.292636286600010e-01
1.078717844983390e+00	8.292637283335790e-01
1.081047689141030e+00	8.292638253918680e-01
1.083377533298660e+00	8.292639199034350e-01
1.085707377456290e+00	8.292640119350509e-01
1.088037221613920e+00	8.292641015517390e-01
1.090367065771550e+00	8.292641888168170e-01
1.092696909929180e+00	8.279400165520210e-01
1.095026754086820e+00	8.248803878975900e-01
1.097356598244450e+00	8.200240631543740e-01
1.099686442402080e+00	8.132474312202070e-01
1.102016286559710e+00	8.043600977092310e-01
1.104346130717340e+00	7.930972192576470e-01
1.106675974874970e+00	7.797213453827110e-01
1.109005819032610e+00	7.657577872994170e-01
1.111335663190240e+00	7.512161347589100e-01
1.113665507347870e+00	7.361108952297570e-01
1.115995351505500e+00	7.204617766043440e-01
1.118325195663130e+00	7.042939145617230e-01
1.120655039820760e+00	6.876380365618910e-01
1.122984883978390e+00	6.705305567955460e-01
1.125314728136030e+00	6.530135995294750e-01
1.127644572293660e+00	6.351349520113720e-01
1.129974416451290e+00	6.169479520063230e-01
1.132304260608920e+00	5.985113181962149e-01
1.134634104766550e+00	5.798889321436480e-01
1.136963948924180e+00	5.611495744135170e-01
1.139293793081820e+00	5.423665972373090e-01
1.141623637239450e+00	5.236174681388190e-01
1.143953481397080e+00	5.049830213592310e-01
1.146283325554710e+00	4.865460814631640e-01
1.148613169712340e+00	4.683888790667870e-01
1.150943013869970e+00	4.505884905551940e-01
1.153272858027610e+00	4.332098250552990e-01
1.155602702185240e+00	4.162971517927380e-01
1.157932546342870e+00	3.998678318887280e-01
1.160262390500500e+00	3.839133384181840e-01
1.162592234658130e+00	3.684091074048130e-01
1.164922078815760e+00	3.533279630734640e-01
1.167251922973400e+00	3.386496402480580e-01
1.169581767131030e+00	3.243635573400470e-01
1.171911611288660e+00	3.104670013308610e-01
1.174241455446290e+00	2.969619318996520e-01
1.176571299603920e+00	2.838522482897980e-01
1.178901143761550e+00	2.711420081167510e-01
1.181230987919180e+00	2.588344556254120e-01
1.183560832076820e+00	2.469315778213480e-01
1.185890676234450e+00	2.354339576004240e-01
1.188220520392080e+00	2.243407771459230e-01
1.190550364549710e+00	2.136498906468220e-01
1.192880208707340e+00	2.033579258965770e-01
1.195210052864970e+00	1.934603959895790e-01
1.197539897022610e+00	1.839518127559710e-01
1.199869741180240e+00	1.748257981940030e-01
1.202199585337870e+00	1.660751920993850e-01
1.204529429495500e+00	1.576921549090140e-01
1.206859273653130e+00	1.496682651585570e-01
1.209189117810760e+00	1.419946111715280e-01
1.211518961968400e+00	1.346618767500450e-01
1.213848806126030e+00	1.276604207570840e-01
1.216178650283660e+00	1.209803505780370e-01
1.218508494441290e+00	1.146115895298190e-01
1.220838338598920e+00	1.085439383512550e-01
1.223168182756550e+00	1.027671309606320e-01
1.225498026914190e+00	9.727088470693490e-02
1.227827871071820e+00	9.204494537171153e-02
1.230157715229450e+00	8.707912720023694e-02
1.232487559387080e+00	8.236334825481245e-02
1.234817403544710e+00	7.788766139087704e-02
1.237147247702340e+00	7.364228115910855e-02
1.239477091859970e+00	6.961760693480223e-02
1.241806936017610e+00	6.580424257034440e-02
1.244136780175240e+00	6.219301285830556e-02
1.246466624332870e+00	5.877497708215248e-02
1.248796468490500e+00	5.554143991942348e-02
1.251126312648130e+00	5.248395994885234e-02
1.253456156805760e+00	4.959435599879958e-02
1.255786000963400e+00	4.686471155977525e-02
1.258115845121030e+00	4.428737746909962e-02
1.260445689278660e+00	4.185497306108126e-02
1.262775533436290e+00	3.956038596167728e-02
1.265105377593920e+00	3.739677069258898e-02
1.267435221751550e+00	3.535754623624763e-02
1.269765065909190e+00	3.343639270024446e-02
1.272094910066820e+00	3.162724720752142e-02
1.274424754224450e+00	2.992429912709411e-02
1.276754598382080e+00	2.832198474925502e-02
1.279084442539710e+00	2.681498149910679e-02
1.281414286697340e+00	2.539820177289336e-02
1.283744130854980e+00	2.406678647292806e-02
1.286073975012610e+00	2.281609830892022e-02
1.288403819170240e+00	2.164171492617116e-02
1.290733663327870e+00	2.053942191439067e-02
1.293063507485500e+00	1.950520574476005e-02
1.295393351643130e+00	1.853524667728714e-02
1.297723195800760e+00	1.762591167542887e-02
1.300053039958400e+00	1.677374736036150e-02
1.302382884116030e+00	1.597547303311287e-02
1.304712728273660e+00	1.522797378900318e-02
1.307042572431290e+00	1.452829374543244e-02
1.309372416588920e+00	1.387362940096800e-02
1.311702260746550e+00	1.326132314089435e-02
1.314032104904190e+00	1.268885690185864e-02
1.316361949061820e+00	1.215384600595040e-02
1.318691793219450e+00	1.165403317246982e-02
1.321021637377080e+00	1.118728271374244e-02
1.323351481534710e+00	1.075157491961112e-02
1.325681325692340e+00	1.034500063366380e-02
1.328011169849980e+00	9.965756022823697e-03
1.330341014007610e+00	9.612137540630570e-03
1.332670858165240e+00	9.282537083367962e-03
1.335000702322870e+00	8.975437337140627e-03
1.337330546480500e+00	8.689407313073902e-03
1.339660390638130e+00	8.423098066992618e-03
1.341990234795770e+00	8.175238599241054e-03
1.344320078953400e+00	7.944631929725672e-03
1.346649923111030e+00	7.730151342798829e-03
1.348979767268660e+00	7.530736796250611e-03
1.351309611426290e+00	7.345391488434615e-03
1.353639455583920e+00	7.173178577414325e-03
1.355969299741550e+00	7.013218045973493e-03
1.358299143899190e+00	6.864683706375771e-03
1.360628988056820e+00	6.726800338876238e-03
1.362958832214450e+00	6.598840958167714e-03
1.365288676372080e+00	6.480124202176563e-03
1.367618520529710e+00	6.370011837893340e-03
1.369948364687340e+00	6.267906379221717e-03
1.372278208844980e+00	6.173248812143129e-03
1.374608053002610e+00	6.085516422814330e-03
1.376937897160240e+00	6.004220724530711e-03
1.379267741317870e+00	5.928905479791564e-03
1.381597585475500e+00	5.859144813986887e-03
1.383927429633130e+00	5.794541417482655e-03
1.386257273790770e+00	5.734724833108162e-03
1.388587117948400e+00	5.679349826241686e-03
1.390916962106030e+00	5.628094834848031e-03
1.393246806263660e+00	5.580660496943492e-03
1.395576650421290e+00	5.536768253052360e-03
1.397906494578920e+00	5.496159021277333e-03
1.400236338736560e+00	5.458591942638516e-03
1.402566182894190e+00	5.423843194347017e-03
1.404896027051820e+00	5.391704868675040e-03
1.407225871209450e+00	5.361983915070170e-03
1.409555715367080e+00	5.334501143142442e-03
1.411885559524710e+00	5.309090284133224e-03
1.414215403682340e+00	5.285597108459029e-03
1.416545247839980e+00	5.263878596913708e-03
1.418875091997610e+00	5.243802163111645e-03
1.421204936155240e+00	5.225244924763686e-03
1.423534780312870e+00	5.208093021397413e-03
1.425864624470500e+00	5.192240976163944e-03
1.428194468628130e+00	5.177591099414488e-03
1.430524312785770e+00	5.164052931780436e-03
1.432854156943400e+00	5.151542724549887e-03
1.435184001101030e+00	5.139982955200019e-03
1.437513845258660e+00	5.129301876017334e-03
1.439843689416290e+00	5.119433093815175e-03
1.442173533573920e+00	5.110315178839094e-03
1.444503377731560e+00	5.101891301034040e-03
1.446833221889190e+00	5.094108891932351e-03
1.449163066046820e+00	5.086919330506925e-03
1.451492910204450e+00	5.080277651419033e-03
1.453822754362080e+00	5.074142274174278e-03
1.456152598519710e+00	5.068474751782698e-03
1.458482442677350e+00	5.063239537599269e-03
1.460812286834980e+00	5.058403769099073e-03
1.463142130992610e+00	5.053937067416476e-03
1.465471975150240e+00	5.049811351549822e-03
1.467801819307870e+00	5.046000666202275e-03
1.470131663465500e+00	5.042481022295249e-03
1.472461507623130e+00	5.039230249253542e-03
1.474791351780770e+00	5.036227858220617e-03
1.477121195938400e+00	5.033454915418713e-03
1.479451040096030e+00	5.030893924921466e-03
1.481780884253660e+00	5.028528720156670e-03
1.484110728411290e+00	5.026344363503816e-03
1.486440572568920e+00	5.024327053395180e-03
1.488770416726560e+00	5.022464038370566e-03
1.491100260884190e+00	5.020743537574595e-03
1.493430105041820e+00	5.019154667221647e-03
1.495759949199450e+00	5.017687372587471e-03
1.498089793357080e+00	5.016332365118029e-03
