time	force
0.000000000000000e+00	5.007355690000000e+00
1.910359947900000e-03	5.007355690000000e+00
3.820719895900000e-03	5.007355690000000e+00
5.731079727400000e-03	5.007355690000000e+00
7.641439791800000e-03	5.007355690000000e+00
9.551799856100000e-03	5.007355690000000e+00
1.146215945500000e-02	5.007355690000000e+00
1.337251905400000e-02	5.007355690000000e+00
1.528287958400000e-02	5.007355690000000e+00
1.719323918200000e-02	5.007355690000000e+00
1.910359971200000e-02	5.007355690000000e+00
2.101395838000000e-02	5.007355690000000e+00
2.292431891000000e-02	5.007355690000000e+00
2.483467944000000e-02	5.007355690000000e+00
2.674503810700000e-02	5.007355690000000e+00
2.865539863700000e-02	5.007355690000000e+00
3.056575916700000e-02	5.007355690000000e+00
3.247611597200000e-02	5.007355690000000e+00
3.438647836400000e-02	5.007355690000000e+00
3.629683703200000e-02	5.007355690000000e+00
3.820719942500000e-02	5.007355690000000e+00
4.011755809200000e-02	5.007355690000000e+00
4.202791675900000e-02	5.007355690000000e+00
4.393827915200000e-02	5.007355690000000e+00
4.584863781900000e-02	5.007355690000000e+00
4.775899648700000e-02	5.007355690000000e+00
4.966935887900000e-02	5.007355690000000e+00
5.157971754700000e-02	5.007355690000000e+00
5.349007621400000e-02	5.007355690000000e+00
5.540043860700000e-02	5.007355690000000e+00
5.731079727400000e-02	5.007355690000000e+00
5.922115594100000e-02	5.007355690000000e+00
6.113151833400000e-02	5.007355690000000e+00
6.304187327600000e-02	5.007355690000000e+00
6.495223194400000e-02	5.007355690000000e+00
6.686259806200000e-02	5.007355690000000e+00
6.877295672900000e-02	5.007355690000000e+00
7.068331539599999e-02	5.007355690000000e+00
7.259367406400000e-02	5.007355690000000e+00
7.450403273099999e-02	5.007355690000000e+00
7.641439884900000e-02	5.007355690000000e+00
7.832475751600000e-02	5.007355690000000e+00
8.023511618400000e-02	5.007355690000000e+00
8.214547485100000e-02	5.007355690000000e+00
8.405583351900001e-02	5.007355690000000e+00
8.596619218600000e-02	5.007355690000000e+00
8.787655830400000e-02	5.007355690000000e+00
8.978691697100000e-02	5.007355690000000e+00
9.169727563900000e-02	5.017020702400000e+00
9.360763430600000e-02	5.052668094600000e+00
9.551799297300000e-02	5.116274356800000e+00
9.742835164100000e-02	5.204296112100000e+00
9.933871775899999e-02	5.313494205500000e+00
1.012490764300000e-01	5.442176818800000e+00
1.031594350900000e-01	5.589643955200000e+00
1.050697937600000e-01	5.755694866200000e+00
1.069801524300000e-01	5.936367988600000e+00
1.088905185500000e-01	6.126523494700000e+00
1.108008772100000e-01	6.324067115800000e+00
1.127112358800000e-01	6.527514457700000e+00
1.146215945500000e-01	6.735751152000000e+00
1.165319532200000e-01	6.947896480600000e+00
1.184423118800000e-01	7.163230896000000e+00
1.203526780000000e-01	7.381151676200000e+00
1.222630366700000e-01	7.601140499100000e+00
1.241733953400000e-01	7.822748184200000e+00
1.260837465500000e-01	8.045578002899999e+00
1.279941052200000e-01	8.269278526300001e+00
1.299044638900000e-01	8.493535995500000e+00
1.318148374600000e-01	8.718068122900000e+00
1.337251961200000e-01	8.942621231100000e+00
1.356355547900000e-01	9.166966438299999e+00
1.375459134600000e-01	9.390895843499999e+00
1.394562721300000e-01	9.614224433900000e+00
1.413666307900000e-01	9.836781501800001e+00
1.432769894600000e-01	1.005841541300000e+01
1.451873481300000e-01	1.027898883800000e+01
1.470977067900000e-01	1.049837684600000e+01
1.490080654600000e-01	1.071646785700000e+01
1.509184241300000e-01	1.093316078200000e+01
1.528287977000000e-01	1.114836788200000e+01
1.547391563700000e-01	1.136200618700000e+01
1.566495150300000e-01	1.157400608100000e+01
1.585598737000000e-01	1.178430366500000e+01
1.604702323700000e-01	1.199284172100000e+01
1.623805910300000e-01	1.219957256300000e+01
1.642909497000000e-01	1.240445232400000e+01
1.662013083700000e-01	1.260744285600000e+01
1.681116670400000e-01	1.280851268800000e+01
1.700220257000000e-01	1.300763511700000e+01
1.719323843700000e-01	1.320478534700000e+01
1.738427579400000e-01	1.339994525900000e+01
1.757531166100000e-01	1.359309768700000e+01
1.776634752800000e-01	1.378423214000000e+01
1.795738339400000e-01	1.397333812700000e+01
1.814841926100000e-01	1.416040897400000e+01
1.833945512800000e-01	1.434543991100000e+01
1.853049099400000e-01	1.452842903100000e+01
1.872152686100000e-01	1.470937538100000e+01
1.891256272800000e-01	1.488828086900000e+01
1.910359859500000e-01	1.506514644600000e+01
1.929463446100000e-01	1.523997783700000e+01
1.948567032800000e-01	1.541277885400000e+01
1.967670768500000e-01	1.558355426800000e+01
1.986774355200000e-01	1.575231075300000e+01
2.005877941800000e-01	1.591905307800000e+01
2.024981528500000e-01	1.608378601100000e+01
2.044085115200000e-01	1.624651145900000e+01
2.063188701900000e-01	1.640723609900000e+01
2.082292288500000e-01	1.656597137500000e+01
2.101395875200000e-01	1.672273063700000e+01
2.120499461900000e-01	1.687752533000000e+01
2.139603048600000e-01	1.703037071200000e+01
2.158706635200000e-01	1.718128395100000e+01
2.177810370900000e-01	1.733028221100000e+01
2.196913957600000e-01	1.747738266000000e+01
2.216017544300000e-01	1.762260437000000e+01
2.235121130900000e-01	1.776596641500000e+01
2.254224717600000e-01	1.790748977700000e+01
2.273328304300000e-01	1.804719734200000e+01
2.292431891000000e-01	1.818510437000000e+01
2.311535477600000e-01	1.832123756400000e+01
2.330639064300000e-01	1.845561599700000e+01
2.349742651000000e-01	1.858826065100000e+01
2.368846237700000e-01	1.871919632000000e+01
2.387949973300000e-01	1.884844207800000e+01
2.407053560000000e-01	1.897602081300000e+01
2.426157146700000e-01	1.910195350600000e+01
2.445260733400000e-01	1.922626495400000e+01
2.464364320000000e-01	1.934897422800000e+01
2.483467906700000e-01	1.947010421800000e+01
2.502571344400000e-01	1.958967399600000e+01
2.521674931000000e-01	1.970771026600000e+01
2.540778517700000e-01	1.982422828700000e+01
2.559882104400000e-01	1.993925476100000e+01
2.578985691100000e-01	2.005280685400000e+01
2.598089277700000e-01	2.016490554800000e+01
2.617193162400000e-01	2.027557182300000e+01
2.636296749100000e-01	2.038482666000000e+01
2.655400335800000e-01	2.049268913300000e+01
2.674503922500000e-01	2.059917831400000e+01
2.693607509100000e-01	2.070431709300000e+01
2.712711095800000e-01	2.080811882000000e+01
2.731814682500000e-01	2.091060829200000e+01
2.750918269200000e-01	2.101180076600000e+01
2.770021855800000e-01	2.111171531700000e+01
2.789125442500000e-01	2.121037101700000e+01
2.808229029200000e-01	2.130778694200000e+01
2.827332615900000e-01	2.140397644000000e+01
2.846436202500000e-01	2.149896049500000e+01
2.865539789200000e-01	2.159275436400000e+01
2.884643375900000e-01	2.168537521400000e+01
2.903746962500000e-01	2.177684211700000e+01
2.922850549200000e-01	2.186716842700000e+01
2.941954135900000e-01	2.195636940000000e+01
2.961057722600000e-01	2.204446411100000e+01
2.980161309200000e-01	2.213146781900000e+01
2.999264895900000e-01	2.221739387500000e+01
3.018368482600000e-01	2.230225753800000e+01
3.037472069300000e-01	2.238607406600000e+01
3.056575954000000e-01	2.246885871900000e+01
3.075679540600000e-01	2.255062675500000e+01
3.094783127300000e-01	2.263138961800000e+01
3.113886714000000e-01	2.271116256700000e+01
3.132990300700000e-01	2.278995895400000e+01
3.152093887300000e-01	2.286779403700000e+01
3.171197474000000e-01	2.294467926000000e+01
3.190301060700000e-01	2.302062797500000e+01
3.209404647400000e-01	2.309565353400000e+01
3.228508234000000e-01	2.316976738000000e+01
3.247611820700000e-01	2.324298286400000e+01
3.266715407400000e-01	2.331531143200000e+01
3.285818994000000e-01	2.338676643400000e+01
3.304922580700000e-01	2.345735931400000e+01
3.324026167400000e-01	2.352710151700000e+01
3.343129754100000e-01	2.359600448600000e+01
3.362233340700000e-01	2.366407775900000e+01
3.381336927400000e-01	2.373133659400000e+01
3.400440514100000e-01	2.379778671300000e+01
3.419544100800000e-01	2.386344337500000e+01
3.438647687400000e-01	2.392831611600000e+01
3.457751274100000e-01	2.399241447400000e+01
3.476855158800000e-01	2.405574798600000e+01
3.495958745500000e-01	2.411832618700000e+01
3.515062332200000e-01	2.418016243000000e+01
3.534165918800000e-01	2.424126434300000e+01
3.553269505500000e-01	2.430164146400000e+01
3.572373092200000e-01	2.436130523700000e+01
3.591476678800000e-01	2.442026138300000e+01
3.610580265500000e-01	2.447852134700000e+01
3.629683852200000e-01	2.453609466600000e+01
3.648787438900000e-01	2.459298896800000e+01
3.667891025500000e-01	2.464921379100000e+01
3.686994612200000e-01	2.470477676400000e+01
3.706098198900000e-01	2.475968933100000e+01
3.725201785600000e-01	2.481395530700000e+01
3.744305372200000e-01	2.486758613600000e+01
3.763408958900000e-01	2.492059135400000e+01
3.782512545600000e-01	2.497297477700000e+01
3.801616132300000e-01	2.502474784900000e+01
3.820719718900000e-01	2.507591438300000e+01
3.839823305600000e-01	2.512648773200000e+01
3.858926892300000e-01	2.517646980300000e+01
3.878030479000000e-01	2.522587204000000e+01
3.897134065600000e-01	2.527470016500000e+01
3.916237950300000e-01	2.532296180700000e+01
3.935341537000000e-01	2.537066459700000e+01
3.954445123700000e-01	2.541781234700000e+01
3.973548710300000e-01	2.546441650400000e+01
3.992652297000000e-01	2.551048088100000e+01
4.011755883700000e-01	2.555601501500000e+01
4.030859470400000e-01	2.560102272000000e+01
4.049963057000000e-01	2.564550972000000e+01
4.069066643700000e-01	2.568948745700000e+01
4.088170230400000e-01	2.573295593300000e+01
4.107273817100000e-01	2.577592659000000e+01
4.126377403700000e-01	2.581840324400000e+01
4.145480990400000e-01	2.586039161700000e+01
4.164584577100000e-01	2.590189933800000e+01
4.183688163800000e-01	2.594293212900000e+01
4.202791750400000e-01	2.598349380500000e+01
4.221895337100000e-01	2.602359199500000e+01
4.240998923800000e-01	2.606323242200000e+01
4.260102510500000e-01	2.610241890000000e+01
4.279206097100000e-01	2.614115905800000e+01
4.298309683800000e-01	2.617945671100000e+01
4.317413270500000e-01	2.621731758100000e+01
4.336516857100000e-01	2.625474739100000e+01
4.355620741800000e-01	2.629175186200000e+01
4.374724328500000e-01	2.632833671600000e+01
4.393827915200000e-01	2.636450386000000e+01
4.412931501900000e-01	2.640026283300000e+01
4.432035088500000e-01	2.643561363200000e+01
4.451138675200000e-01	2.647056388900000e+01
4.470242261900000e-01	2.650511932400000e+01
4.489345848600000e-01	2.653928375200000e+01
4.508449435200000e-01	2.657306098900000e+01
4.527553021900000e-01	2.660645675700000e+01
4.546656608600000e-01	2.663947486900000e+01
4.565760195300000e-01	2.667211914100000e+01
4.584863781900000e-01	2.670439720200000e+01
4.603967368600000e-01	2.673630905200000e+01
4.623070955300000e-01	2.676786232000000e+01
4.642174542000000e-01	2.679906082200000e+01
4.661278128600000e-01	2.682990646400000e+01
4.680381715300000e-01	2.686040687600000e+01
4.699485302000000e-01	2.689056205700000e+01
4.718588888600000e-01	2.692037963900000e+01
4.737692475300000e-01	2.694986343400000e+01
4.756796062000000e-01	2.697901535000000e+01
4.775899946700000e-01	2.700784111000000e+01
4.795003533400000e-01	2.703634262100000e+01
4.814107120000000e-01	2.706452560400000e+01
4.833210706700000e-01	2.709239196800000e+01
4.852314293400000e-01	2.711994743300000e+01
4.871417880100000e-01	2.714719390900000e+01
4.890521466700000e-01	2.717413520800000e+01
4.909625053400000e-01	2.720077705400000e+01
4.928728640100000e-01	2.722711944600000e+01
4.947832226800000e-01	2.725317001300000e+01
4.966935813400000e-01	2.727892875700000e+01
4.986039400100000e-01	2.730439949000000e+01
5.005142688799999e-01	2.732958602900000e+01
5.024246573400000e-01	2.735449409500000e+01
5.043349862099999e-01	2.737912368800000e+01
5.062453746800000e-01	2.740347862200000e+01
5.081557035399999e-01	2.742756271400000e+01
5.100660920100000e-01	2.745137977600000e+01
5.119764208799999e-01	2.747493171700000e+01
5.138868093500000e-01	2.749822044400000e+01
5.157971382100000e-01	2.752125167800000e+01
5.177075266800000e-01	2.754402732800000e+01
5.196178555500000e-01	2.756655120800000e+01
5.215282440200000e-01	2.758882522600000e+01
5.234386324900000e-01	2.761085128800000e+01
5.253489613500000e-01	2.763263320900000e+01
5.272593498200000e-01	2.765417289700000e+01
5.291696786900000e-01	2.767547607400000e+01
5.310800671600000e-01	2.769654274000000e+01
5.329903960200000e-01	2.771737480200000e+01
5.349007844900000e-01	2.773797798200000e+01
5.368111133600000e-01	2.775835418700000e+01
5.387215018300000e-01	2.777850341800000e+01
5.406318306900000e-01	2.779843139600000e+01
5.425422191600000e-01	2.781813812300000e+01
5.444525480300000e-01	2.783762931800000e+01
5.463629365000000e-01	2.785690307600000e+01
5.482732653600000e-01	2.787596511800000e+01
5.501836538300000e-01	2.789481735200000e+01
5.520939827000000e-01	2.791346168500000e+01
5.540043711700000e-01	2.793190002400000e+01
5.559147000300000e-01	2.795013618500000e+01
5.578250885000000e-01	2.796817016600000e+01
5.597354173700000e-01	2.798600578300000e+01
5.616458058400000e-01	2.800364685100000e+01
5.635561347000000e-01	2.802109146100000e+01
5.654665231700000e-01	2.803834724400000e+01
5.673769116400000e-01	2.805541038500000e+01
5.692872405100000e-01	2.807228660600000e+01
5.711976289700000e-01	2.808897972100000e+01
5.731079578400000e-01	2.810548591600000e+01
5.750183463100000e-01	2.812181282000000e+01
5.769286751700000e-01	2.813796043400000e+01
5.788390636400000e-01	2.815393066400000e+01
5.807493925100000e-01	2.816972732500000e+01
5.826597809800000e-01	2.818534851100000e+01
5.845701098400000e-01	2.820079994200000e+01
5.864804983100000e-01	2.821607971200000e+01
5.883908271800000e-01	2.823119354200000e+01
5.903012156500000e-01	2.824614334100000e+01
5.922115445100000e-01	2.826092720000000e+01
5.941219329800000e-01	2.827554893500000e+01
5.960322618500000e-01	2.829001236000000e+01
5.979426503200000e-01	2.830431747400000e+01
5.998529791800000e-01	2.831846427900000e+01
6.017633676500000e-01	2.833245849600000e+01
6.036736965200000e-01	2.834629821800000e+01
6.055840849900000e-01	2.835998725900000e+01
6.074944138500000e-01	2.837352562000000e+01
6.094048023200000e-01	2.838691711400000e+01
6.113151907900000e-01	2.840016174300000e+01
6.132255196600001e-01	2.841326332100000e+01
6.151359081300000e-01	2.842621994000000e+01
6.170462369900001e-01	2.843903541600000e+01
6.189566254600000e-01	2.845171165500000e+01
6.208669543300001e-01	2.846425056500000e+01
6.227773428000000e-01	2.847665023800000e+01
6.246876716600001e-01	2.848891639700000e+01
6.265980601300000e-01	2.850104904200000e+01
6.285083889999999e-01	2.851304817200000e+01
6.304187774700000e-01	2.852491760300000e+01
6.323291063299999e-01	2.853665733300000e+01
6.342394948000000e-01	2.854826927200000e+01
6.361498236699999e-01	2.855975532500000e+01
6.380602121400000e-01	2.857111549400000e+01
6.399705409999999e-01	2.858235168500000e+01
6.418809294700000e-01	2.859346580500000e+01
6.437912583399999e-01	2.860445976300000e+01
6.457016468000000e-01	2.861533355700000e+01
6.476119756700000e-01	2.862608909600000e+01
6.495223641400000e-01	2.863672637900000e+01
6.514327526100000e-01	2.864724922200000e+01
6.533430814700000e-01	2.865765762300000e+01
6.552534699400000e-01	2.866795349100000e+01
6.571637988100000e-01	2.867813682600000e+01
6.590741872800000e-01	2.868820953400000e+01
6.609845161400000e-01	2.869817352300000e+01
6.628949046100000e-01	2.870802879300000e+01
6.648052334800000e-01	2.871777534500000e+01
6.667156219500000e-01	2.872741890000000e+01
6.686259508100000e-01	2.873695564300000e+01
6.705363392800000e-01	2.874638938900000e+01
6.724466681500000e-01	2.875572204600000e+01
6.743570566200000e-01	2.876495170600000e+01
6.762673854800000e-01	2.877408218400000e+01
6.781777739500000e-01	2.878311348000000e+01
6.800881028200000e-01	2.879204750100000e+01
6.819984912900000e-01	2.880088424700000e+01
6.839088201500000e-01	2.880962371800000e+01
6.858192086200000e-01	2.881826973000000e+01
6.877295374900000e-01	2.882682228100000e+01
6.896399259600000e-01	2.883528137200000e+01
6.915502548200000e-01	2.884364891100000e+01
6.934606432900000e-01	2.885192680400000e+01
6.953710317600000e-01	2.886011505100000e+01
6.972813606300000e-01	2.886821365400000e+01
6.991917491000000e-01	2.887622451800000e+01
7.011020779600000e-01	2.888414955100000e+01
7.030124664300000e-01	2.889198684700000e+01
7.049227953000000e-01	2.889974212600000e+01
7.068331837700000e-01	2.890741157500000e+01
7.087435126300000e-01	2.891499900800000e+01
7.106539011000000e-01	2.892250251800000e+01
7.125642299700000e-01	2.892992591900000e+01
7.144746184300000e-01	2.893726921100000e+01
7.163849473000000e-01	2.894453430200000e+01
7.182953357700000e-01	2.895171928400000e+01
7.202056646300000e-01	2.895882797200000e+01
7.221160531000000e-01	2.896585845900000e+01
7.240263819700000e-01	2.897281265300000e+01
7.259367704400000e-01	2.897969245900000e+01
7.278470993000000e-01	2.898649787900000e+01
7.297574877700000e-01	2.899323082000000e+01
7.316678166400000e-01	2.899988937400000e+01
7.335782051100000e-01	2.900647544900000e+01
7.354885339700000e-01	2.901299285900000e+01
7.373989224400000e-01	2.901943779000000e+01
7.393093109100000e-01	2.902581405600000e+01
7.412196397800001e-01	2.903212165800000e+01
7.431300282500000e-01	2.903836059600000e+01
7.450403571100001e-01	2.904453277600000e+01
7.469507455800000e-01	2.905063629200000e+01
7.488610744500001e-01	2.905667686500000e+01
7.507714629200000e-01	2.906265068100000e+01
7.526817917800001e-01	2.906855964700000e+01
7.545921802500000e-01	2.907440567000000e+01
7.565025091200001e-01	2.908018875100000e+01
7.584128975900000e-01	2.908590889000000e+01
7.603232264499999e-01	2.909156799300000e+01
7.622336149200000e-01	2.909716606100000e+01
7.641439437899999e-01	2.910270309400000e+01
7.660543322600000e-01	2.910818100000000e+01
7.679646611199999e-01	2.911359787000000e+01
7.698750495900000e-01	2.911895942700000e+01
7.717853784599999e-01	2.912426185600000e+01
7.736957669300000e-01	2.912950706500000e+01
7.756060957899999e-01	2.913469505300000e+01
7.775164842600000e-01	2.913982772800000e+01
7.794268131300000e-01	2.914490509000000e+01
7.813372016000000e-01	2.914992713900000e+01
7.832475900700000e-01	2.915489578200000e+01
7.851579189300000e-01	2.915981102000000e+01
7.870683074000000e-01	2.916467285200000e+01
7.889786362600000e-01	2.916948318500000e+01
7.908890247300000e-01	2.917424202000000e+01
7.927993536000000e-01	2.917894744900000e+01
7.947097420700000e-01	2.918360328700000e+01
7.966200709300000e-01	2.918820953400000e+01
7.985304594000000e-01	2.919276619000000e+01
8.004407882700000e-01	2.919727325400000e+01
8.023511767400000e-01	2.920173263500000e+01
8.042615056000000e-01	2.920614242600000e+01
8.061718940700000e-01	2.921050643900000e+01
8.080822229400000e-01	2.921482276900000e+01
8.099926114100000e-01	2.921909332300000e+01
8.119029402700000e-01	2.922331619300000e+01
8.138133287400000e-01	2.922749519300000e+01
8.157236576100000e-01	2.923162841800000e+01
8.176340460800000e-01	2.923571777300000e+01
8.195443749400000e-01	2.923976326000000e+01
8.214547634100000e-01	2.924376487700000e+01
8.233650922800000e-01	2.924772262600000e+01
8.252754807500000e-01	2.925163841200000e+01
8.271858692200000e-01	2.925551223800000e+01
8.290961980800000e-01	2.925934410100000e+01
8.310065865500000e-01	2.926313591000000e+01
8.329169154200000e-01	2.926688575700000e+01
8.348273038900000e-01	2.927059555100000e+01
8.367376327500000e-01	2.927426528900000e+01
8.386480212200000e-01	2.927789688100000e+01
8.405583500900000e-01	2.928148841900000e+01
8.424687385600000e-01	2.928503990200000e+01
8.443790674200000e-01	2.928855514500000e+01
8.462894558900000e-01	2.929203224200000e+01
8.481997847600000e-01	2.929547119100000e+01
8.501101732300000e-01	2.929887390100000e+01
8.520205020900000e-01	2.930224037200000e+01
8.539308905600000e-01	2.930557060200000e+01
8.558412194300000e-01	2.930886459400000e+01
8.577516078900000e-01	2.931212234500000e+01
8.596619367600000e-01	2.931534767200000e+01
8.615723252300000e-01	2.931853675800000e+01
8.634826540900000e-01	2.932169151300000e+01
8.653930425600000e-01	2.932481193500000e+01
8.673033714300000e-01	2.932789993300000e+01
8.692137599000000e-01	2.933095359800000e+01
8.711241483700000e-01	2.933397483800000e+01
8.730344772300000e-01	2.933696365400000e+01
8.749448657000000e-01	2.933992004400000e+01
8.768551945700001e-01	2.934284591700000e+01
8.787655830400000e-01	2.934573936500000e+01
8.806759119000001e-01	2.934860229500000e+01
8.825863003700000e-01	2.935143470800000e+01
8.844966292400001e-01	2.935423660300000e+01
8.864070177100000e-01	2.935700798000000e+01
8.883173465700001e-01	2.935974884000000e+01
8.902277350400000e-01	2.936246109000000e+01
8.921380639099999e-01	2.936514473000000e+01
8.940484523800000e-01	2.936779975900000e+01
8.959587812399999e-01	2.937042427100000e+01
8.978691697100000e-01	2.937302207900000e+01
8.997794985799999e-01	2.937559318500000e+01
9.016898870500000e-01	2.937813568100000e+01
9.036002159099999e-01	2.938064956700000e+01
9.055106043800000e-01	2.938313865700000e+01
9.074209332500000e-01	2.938559913600000e+01
9.093313217200000e-01	2.938803482100000e+01
9.112416505800000e-01	2.939044380200000e+01
9.131520390500000e-01	2.939282608000000e+01
9.150624275200000e-01	2.939518356300000e+01
9.169727563900000e-01	2.939751625100000e+01
9.188831448600000e-01	2.939982223500000e+01
9.207934737200000e-01	2.940210533100000e+01
9.227038621900000e-01	2.940436363200000e+01
9.246141910600000e-01	2.940659713700000e+01
9.265245795200000e-01	2.940880584700000e+01
9.284349083900000e-01	2.941099166900000e+01
9.303452968600000e-01	2.941315460200000e+01
9.322556257200000e-01	2.941529464700000e+01
9.341660141900000e-01	2.941740989700000e+01
9.360763430600000e-01	2.941950416600000e+01
9.379867315300000e-01	2.942157554600000e+01
9.398970603900000e-01	2.942362403900000e+01
9.418074488600000e-01	2.942565155000000e+01
9.437177777300000e-01	2.942765617400000e+01
9.456281662000000e-01	2.942964172400000e+01
9.475384950600000e-01	2.943160247800000e+01
9.494488835300000e-01	2.943354415900000e+01
9.513592124000000e-01	2.943546485900000e+01
9.532696008700000e-01	2.943736648600000e+01
9.551799893400000e-01	2.943924522400000e+01
9.570903182000000e-01	2.944110488900000e+01
9.590007066700000e-01	2.944294548000000e+01
9.609110355400000e-01	2.944476509100000e+01
9.628214240100000e-01	2.944656562800000e+01
9.647317528700000e-01	2.944834709200000e+01
9.666421413400000e-01	2.945010948200000e+01
9.685524702100000e-01	2.945185279800000e+01
9.704628586800000e-01	2.945357704200000e+01
9.723731875400000e-01	2.945528221100000e+01
9.742835760100000e-01	2.945697021500000e+01
9.761939048800000e-01	2.945863914500000e+01
9.781042933500000e-01	2.946029090900000e+01
9.800146222100000e-01	2.946192550700000e+01
9.819250106800000e-01	2.946354293800000e+01
9.838353395500000e-01	2.946514129600000e+01
9.857457280200000e-01	2.946672439600000e+01
9.876560568800000e-01	2.946828842200000e+01
9.895664453500000e-01	2.946983718900000e+01
9.914767742200000e-01	2.947136879000000e+01
9.933871626900000e-01	2.947288513200000e+01
9.952974915500000e-01	2.947438430800000e+01
9.972078800200000e-01	2.947586631800000e+01
9.991182684900000e-01	2.947733497600000e+01
1.001028537800000e+00	2.947878646900000e+01
1.002938985800000e+00	2.948022079500000e+01
1.004849314700000e+00	2.948164176900000e+01
1.006759643600000e+00	2.948304748500000e+01
1.008669972400000e+00	2.948443794300000e+01
1.010580420500000e+00	2.948581314100000e+01
1.012490749400000e+00	2.948717308000000e+01
1.014401078200000e+00	2.948851966900000e+01
1.016311407100000e+00	2.948985099800000e+01
1.018221855200000e+00	2.949116897600000e+01
1.020132184000000e+00	2.949247169500000e+01
1.022042512900000e+00	2.949376106300000e+01
1.023952841800000e+00	2.949503707900000e+01
1.025863289800000e+00	2.949629974400000e+01
1.027773618700000e+00	2.949754715000000e+01
1.029683947600000e+00	2.949878311200000e+01
1.031594276400000e+00	2.950000381500000e+01
1.033504724500000e+00	2.950121307400000e+01
1.035415053400000e+00	2.950240898100000e+01
1.037325382200000e+00	2.950359153700000e+01
1.039235711100000e+00	2.950476265000000e+01
1.041146159200000e+00	2.950592041000000e+01
1.043056488000000e+00	2.950706481900000e+01
1.044966816900000e+00	2.950819969200000e+01
1.046877265000000e+00	2.950931930500000e+01
1.048787593800000e+00	2.951042938200000e+01
1.050697922700000e+00	2.951152610800000e+01
1.052608251600000e+00	2.951261138900000e+01
1.054518699600000e+00	2.951368522600000e+01
1.056429028500000e+00	2.951474762000000e+01
1.058339357400000e+00	2.951579856900000e+01
1.060249686200000e+00	2.951683807400000e+01
1.062160134300000e+00	2.951786613500000e+01
1.064070463200000e+00	2.951888465900000e+01
1.065980792000000e+00	2.951988983200000e+01
1.067891120900000e+00	2.952088546800000e+01
1.069801569000000e+00	2.952187156700000e+01
1.071711897900000e+00	2.952284622200000e+01
1.073622226700000e+00	2.952381134000000e+01
1.075532555600000e+00	2.952476501500000e+01
1.077443003700000e+00	2.952570724500000e+01
1.079353332500000e+00	2.952664184600000e+01
1.081263661400000e+00	2.952756500200000e+01
1.083173990200000e+00	2.952847862200000e+01
1.085084438300000e+00	2.952938270600000e+01
1.086994767200000e+00	2.953027725200000e+01
1.088905096100000e+00	2.953116226200000e+01
1.090815544100000e+00	2.953203773500000e+01
1.092725873000000e+00	2.952995300300000e+01
1.094636201900000e+00	2.952601242100000e+01
1.096546530700000e+00	2.951873207100000e+01
1.098456978800000e+00	2.950718307500000e+01
1.100367307700000e+00	2.949020957900000e+01
1.102277636500000e+00	2.946629142800000e+01
1.104187965400000e+00	2.943332481400000e+01
1.106098413500000e+00	2.938828468300000e+01
1.108008742300000e+00	2.933135986300000e+01
1.109919071200000e+00	2.926047325100000e+01
1.111829400100000e+00	2.917290687600000e+01
1.113739848100000e+00	2.906506919900000e+01
1.115650177000000e+00	2.893215179400000e+01
1.117560505900000e+00	2.876763725300000e+01
1.119470834700000e+00	2.856267547600000e+01
1.121381282800000e+00	2.830541229200000e+01
1.123291611700000e+00	2.798073005700000e+01
1.125201940500000e+00	2.757154274000000e+01
1.127112269400000e+00	2.706344032300000e+01
1.129022717500000e+00	2.645262908900000e+01
1.130933046300000e+00	2.575157356300000e+01
1.132843375200000e+00	2.498534774800000e+01
1.134753823300000e+00	2.418151855500000e+01
1.136664152100000e+00	2.336262321500000e+01
1.138574481000000e+00	2.254430007900000e+01
1.140484809900000e+00	2.173652267500000e+01
1.142395257900000e+00	2.094538688700000e+01
1.144305586800000e+00	2.017449760400000e+01
1.146215915700000e+00	1.942591095000000e+01
1.148126244500000e+00	1.870068931600000e+01
1.150036692600000e+00	1.799927330000000e+01
1.151947021500000e+00	1.732169151300000e+01
1.153857350300000e+00	1.666771125800000e+01
1.155767679200000e+00	1.603692817700000e+01
1.157678127300000e+00	1.542883205400000e+01
1.159588456200000e+00	1.484283638000000e+01
1.161498785000000e+00	1.427846717800000e+01
1.163409113900000e+00	1.373784351300000e+01
1.165319562000000e+00	1.322349739100000e+01
1.167229890800000e+00	1.273670005800000e+01
1.169140219700000e+00	1.227795505500000e+01
1.171050548600000e+00	1.184714126600000e+01
1.172960996600000e+00	1.144362640400000e+01
1.174871325500000e+00	1.106639957400000e+01
1.176781654400000e+00	1.071418380700000e+01
1.178692102400000e+00	1.038554477700000e+01
1.180602431300000e+00	1.007897281600000e+01
1.182512760200000e+00	9.792952537500000e+00
1.184423089000000e+00	9.526000022900000e+00
1.186333537100000e+00	9.276700973500001e+00
1.188243866000000e+00	9.043721199000000e+00
1.190154194800000e+00	8.825817108200001e+00
1.192064523700000e+00	8.621839523300000e+00
1.193974971800000e+00	8.430728912399999e+00
1.195885300600000e+00	8.251514434800001e+00
1.197795629500000e+00	8.083306312600000e+00
1.199705958400000e+00	7.925290107700000e+00
1.201616406400000e+00	7.776721000700000e+00
1.203526735300000e+00	7.636918544800000e+00
1.205437064200000e+00	7.505259513900000e+00
1.207347393000000e+00	7.381174087500000e+00
1.209257841100000e+00	7.264139175400000e+00
1.211168170000000e+00	7.153675556200000e+00
1.213078498800000e+00	7.049344062800000e+00
1.214988827700000e+00	6.950738906900000e+00
1.216899275800000e+00	6.857488632200000e+00
1.218809604600000e+00	6.769249916100000e+00
1.220719933500000e+00	6.685706138600000e+00
1.222630381600000e+00	6.606565475500000e+00
1.224540710400000e+00	6.531556606300000e+00
1.226451039300000e+00	6.460429668400000e+00
1.228361368200000e+00	6.392952919000000e+00
1.230271816300000e+00	6.328909874000000e+00
1.232182145100000e+00	6.268100738500000e+00
1.234092474000000e+00	6.210339546200000e+00
1.236002802800000e+00	6.155452728300000e+00
1.237913250900000e+00	6.103278636900000e+00
1.239823579800000e+00	6.053665638000000e+00
1.241733908700000e+00	6.006473064400000e+00
1.243644237500000e+00	5.961568355600000e+00
1.245554685600000e+00	5.918828010600000e+00
1.247465014500000e+00	5.878135681200000e+00
1.249375343300000e+00	5.839382648500000e+00
1.251285672200000e+00	5.802467823000000e+00
1.253196120300000e+00	5.767294883700000e+00
1.255106449100000e+00	5.733774185200000e+00
1.257016778000000e+00	5.701820850400000e+00
1.258927226100000e+00	5.671356201200000e+00
1.260837554900000e+00	5.642304420500000e+00
1.262747883800000e+00	5.614595413200000e+00
1.264658212700000e+00	5.588162422200000e+00
1.266568660700000e+00	5.562942028000000e+00
1.268478989600000e+00	5.538875103000000e+00
1.270389318500000e+00	5.515905380200000e+00
1.272299647300000e+00	5.493979454000000e+00
1.274210095400000e+00	5.473046779600000e+00
1.276120424300000e+00	5.453060150100000e+00
1.278030753100000e+00	5.433973789200000e+00
1.279941082000000e+00	5.415745258300000e+00
1.281851530100000e+00	5.398333549500000e+00
1.283761858900000e+00	5.381700038900000e+00
1.285672187800000e+00	5.365808010100000e+00
1.287582516700000e+00	5.350623130800000e+00
1.289492964700000e+00	5.336111545600000e+00
1.291403293600000e+00	5.322242736800000e+00
1.293313622500000e+00	5.308985710100000e+00
1.295223951300000e+00	5.296313285800000e+00
1.297134399400000e+00	5.284197330500000e+00
1.299044728300000e+00	5.272613048600000e+00
1.300955057100000e+00	5.261535167700000e+00
1.302865505200000e+00	5.250941276600000e+00
1.304775834100000e+00	5.240808963800000e+00
1.306686162900000e+00	5.231116771700000e+00
1.308596491800000e+00	5.221844673200000e+00
1.310506939900000e+00	5.212974071500000e+00
1.312417268800000e+00	5.204485893200000e+00
1.314327597600000e+00	5.196363925900000e+00
1.316237926500000e+00	5.188591003400000e+00
1.318148374600000e+00	5.181151390100000e+00
1.320058703400000e+00	5.174029827100000e+00
1.321969032300000e+00	5.167212963100000e+00
1.323879361200000e+00	5.160686016100000e+00
1.325789809200000e+00	5.154436588300000e+00
1.327700138100000e+00	5.148452758800000e+00
1.329610467000000e+00	5.142721653000000e+00
1.331520795800000e+00	5.137232780500000e+00
1.333431243900000e+00	5.131975650800000e+00
1.335341572800000e+00	5.126939296700000e+00
1.337251901600000e+00	5.122114181500000e+00
1.339162230500000e+00	5.117491722100000e+00
1.341072678600000e+00	5.113061904900000e+00
1.342983007400000e+00	5.108817100500000e+00
1.344893336300000e+00	5.104748725900000e+00
1.346803784400000e+00	5.100849628400000e+00
1.348714113200000e+00	5.097111702000000e+00
1.350624442100000e+00	5.093528747600000e+00
1.352534771000000e+00	5.090093612700000e+00
1.354445219000000e+00	5.086800098400000e+00
1.356355547900000e+00	5.083642005900000e+00
1.358265876800000e+00	5.080613613100000e+00
1.360176205600000e+00	5.077709198000000e+00
1.362086653700000e+00	5.074923515300000e+00
1.363996982600000e+00	5.072251319900000e+00
1.365907311400000e+00	5.069688320200000e+00
1.367817640300000e+00	5.067229270900000e+00
1.369728088400000e+00	5.064869880700000e+00
1.371638417200000e+00	5.062606334700000e+00
1.373548746100000e+00	5.060434341400000e+00
1.375459075000000e+00	5.058350086200000e+00
1.377369523000000e+00	5.056350231200000e+00
1.379279851900000e+00	5.054430484800000e+00
1.381190180800000e+00	5.052587509200000e+00
1.383100509600000e+00	5.050818920100000e+00
1.385010957700000e+00	5.049121379900000e+00
1.386921286600000e+00	5.047491550400000e+00
1.388831615400000e+00	5.045927047700000e+00
1.390742063500000e+00	5.044424533800000e+00
1.392652392400000e+00	5.042982101400000e+00
1.394562721300000e+00	5.041597366300000e+00
1.396473050100000e+00	5.040266990700000e+00
1.398383498200000e+00	5.038990020800000e+00
1.400293827100000e+00	5.037763118700000e+00
1.402204155900000e+00	5.036585331000000e+00
1.404114484800000e+00	5.035453796400000e+00
1.406024932900000e+00	5.034367084500000e+00
1.407935261700000e+00	5.033323288000000e+00
1.409845590600000e+00	5.032320499400000e+00
1.411755919500000e+00	5.031357288400000e+00
1.413666367500000e+00	5.030431747400000e+00
1.415576696400000e+00	5.029542446100000e+00
1.417487025300000e+00	5.028688430800000e+00
1.419397354100000e+00	5.027867794000000e+00
1.421307802200000e+00	5.027079105400000e+00
1.423218131100000e+00	5.026321411100000e+00
1.425128459900000e+00	5.025593280800000e+00
1.427038788800000e+00	5.024893760700000e+00
1.428949236900000e+00	5.024221420300000e+00
1.430859565700000e+00	5.023575305900000e+00
1.432769894600000e+00	5.022954464000000e+00
1.434680342700000e+00	5.022357940700000e+00
1.436590671500000e+00	5.021784305600000e+00
1.438501000400000e+00	5.021233081800000e+00
1.440411329300000e+00	5.020703315700000e+00
1.442321777300000e+00	5.020194053600000e+00
1.444232106200000e+00	5.019704818700000e+00
1.446142435100000e+00	5.019234180500000e+00
1.448052763900000e+00	5.018782138800000e+00
1.449963212000000e+00	5.018347263300000e+00
1.451873540900000e+00	5.017929077100000e+00
1.453783869700000e+00	5.017527580300000e+00
1.455694198600000e+00	5.017141342200000e+00
1.457604646700000e+00	5.016769886000000e+00
1.459514975500000e+00	5.016413211800000e+00
1.461425304400000e+00	5.016069889100000e+00
1.463335633300000e+00	5.015739917800000e+00
1.465246081400000e+00	5.015422821000000e+00
1.467156410200000e+00	5.015117645300000e+00
1.469066739100000e+00	5.014824390400000e+00
1.470977067900000e+00	5.014542579700000e+00
1.472887516000000e+00	5.014271259300000e+00
1.474797844900000e+00	5.014010429400000e+00
1.476708173800000e+00	5.013759613000000e+00
1.478618621800000e+00	5.013518810300000e+00
1.480528950700000e+00	5.013286590600000e+00
1.482439279600000e+00	5.013063907600000e+00
1.484349608400000e+00	5.012849330900000e+00
1.486260056500000e+00	5.012643337200000e+00
1.488170385400000e+00	5.012444973000000e+00
1.490080714200000e+00	5.012254238100000e+00
1.491991043100000e+00	5.012070655800000e+00
1.493901491200000e+00	5.011894226100000e+00
1.495811820000000e+00	5.011724472000000e+00
1.497722148900000e+00	5.011561393700000e+00
1.499632477800000e+00	5.011404514300000e+00
1.501542925800000e+00	5.011404514300000e+00
