time	force
0.000000000000000e+00	1.602008938800000e+00
2.739682793600000e-03	1.602008938800000e+00
5.479365587200000e-03	1.602008938800000e+00
8.219048380900000e-03	1.602008938800000e+00
1.095873117400000e-02	1.602008938800000e+00
1.369841396800000e-02	1.602008938800000e+00
1.643809676200000e-02	1.602008938800000e+00
1.917777955500000e-02	1.602008938800000e+00
2.191746234900000e-02	1.602008938800000e+00
2.465714514300000e-02	1.602008938800000e+00
2.739682793600000e-02	1.602008938800000e+00
3.013651073000000e-02	1.602008938800000e+00
3.287619352300000e-02	1.602008938800000e+00
3.561587631700000e-02	1.602008938800000e+00
3.835555911100000e-02	1.602008938800000e+00
4.109524190400000e-02	1.602008938800000e+00
4.383492469800000e-02	1.602008938800000e+00
4.657460749100000e-02	1.602008938800000e+00
4.931429028500000e-02	1.602008938800000e+00
5.205397307900000e-02	1.602008938800000e+00
5.479365587200000e-02	1.602008938800000e+00
5.753333866600000e-02	1.602008938800000e+00
6.027302146000000e-02	1.602008938800000e+00
6.301270425300000e-02	1.602008938800000e+00
6.575238704700000e-02	1.602008938800000e+00
6.849206984000000e-02	1.602008938800000e+00
7.123175263400000e-02	1.602008938800000e+00
7.397143542800000e-02	1.602008938800000e+00
7.671111822100000e-02	1.602008938800000e+00
7.945080101500000e-02	1.602008938800000e+00
8.219048380900000e-02	1.602008938800000e+00
8.493016660200001e-02	1.602008938800000e+00
8.766984939600000e-02	1.602008938800000e+00
9.040953218900000e-02	1.602008938800000e+00
9.314921498299999e-02	1.602033734300000e+00
9.588889777700001e-02	1.602848291400000e+00
9.862858057000000e-02	1.609936356500000e+00
1.013682633600000e-01	1.641927957500000e+00
1.041079461600000e-01	1.732260227200000e+00
1.068476289500000e-01	1.907014012300000e+00
1.095873117400000e-01	2.160627841900000e+00
1.123269945400000e-01	2.473878145200000e+00
1.150666773300000e-01	2.829518079800000e+00
1.178063601300000e-01	3.214609384500000e+00
1.205460429200000e-01	3.620034933100000e+00
1.232857257100000e-01	4.039371013600000e+00
1.260254085100000e-01	4.467904090900000e+00
1.287650913000000e-01	4.901935577400000e+00
1.315047740900000e-01	5.338263034800000e+00
1.342444568900000e-01	5.773797035200000e+00
1.369841396800000e-01	6.206139087700000e+00
1.397238224700000e-01	6.633579731000000e+00
1.424635052700000e-01	7.054917812300000e+00
1.452031880600000e-01	7.469320297200000e+00
1.479428708600000e-01	7.876225948300000e+00
1.506825536500000e-01	8.275272369400000e+00
1.534222364400000e-01	8.666242599500000e+00
1.561619192400000e-01	9.049032211300000e+00
1.589016020300000e-01	9.423611640900001e+00
1.616412848200000e-01	9.790016174300000e+00
1.643809676200000e-01	1.014832019800000e+01
1.671206504100000e-01	1.049863338500000e+01
1.698603332000000e-01	1.084108638800000e+01
1.726000160000000e-01	1.117582798000000e+01
1.753396987900000e-01	1.150301551800000e+01
1.780793815900000e-01	1.182281494100000e+01
1.808190643800000e-01	1.213539695700000e+01
1.835587471700000e-01	1.244093418100000e+01
1.862984299700000e-01	1.273959922800000e+01
1.890381127600000e-01	1.303156280500000e+01
1.917777955500000e-01	1.331699562100000e+01
1.945174783500000e-01	1.359606361400000e+01
1.972571611400000e-01	1.386893177000000e+01
1.999968439300000e-01	1.413576030700000e+01
2.027365267300000e-01	1.439670562700000e+01
2.054762095200000e-01	1.465191936500000e+01
2.082158923100000e-01	1.490155124700000e+01
2.109555751100000e-01	1.514574527700000e+01
2.136952579000000e-01	1.538464164700000e+01
2.164349407000000e-01	1.561837673200000e+01
2.191746234900000e-01	1.584708309200000e+01
2.219143062800000e-01	1.607088661200000e+01
2.246539890800000e-01	1.628991508500000e+01
2.273936718700000e-01	1.650428772000000e+01
2.301333546600000e-01	1.671412086500000e+01
2.328730374600000e-01	1.691952705400000e+01
2.356127202500000e-01	1.712061882000000e+01
2.383524030400000e-01	1.731750106800000e+01
2.410920858400000e-01	1.751027870200000e+01
2.438317686300000e-01	1.769904899600000e+01
2.465714514300000e-01	1.788391113300000e+01
2.493111342200000e-01	1.806496048000000e+01
2.520508170100000e-01	1.824228668200000e+01
2.547904849100000e-01	1.841597938500000e+01
2.575301826000000e-01	1.858612442000000e+01
2.602698504900000e-01	1.875280571000000e+01
2.630095481900000e-01	1.891610336300000e+01
2.657492160800000e-01	1.907609748800000e+01
2.684889137700000e-01	1.923286628700000e+01
2.712285816700000e-01	1.938648033100000e+01
2.739682793600000e-01	1.953701591500000e+01
2.767079472500000e-01	1.968453979500000e+01
2.794476449500000e-01	1.982912254300000e+01
2.821873128400000e-01	1.997083091700000e+01
2.849270105400000e-01	2.010972785900000e+01
2.876666784300000e-01	2.024587822000000e+01
2.904063761200000e-01	2.037934303300000e+01
2.931460440200000e-01	2.051017952000000e+01
2.958857417100000e-01	2.063844680800000e+01
2.986254096000000e-01	2.076420211800000e+01
3.013651073000000e-01	2.088749885600000e+01
3.041047751900000e-01	2.100839233400000e+01
3.068444728900000e-01	2.112693405200000e+01
3.095841407800000e-01	2.124317359900000e+01
3.123238384700000e-01	2.135716247600000e+01
3.150635063600000e-01	2.146894645700000e+01
3.178032040600000e-01	2.157857513400000e+01
3.205428719500000e-01	2.168609237700000e+01
3.232825696500000e-01	2.179154205300000e+01
3.260222375400000e-01	2.189497184800000e+01
3.287619352300000e-01	2.199641990700000e+01
3.315016031300000e-01	2.209592819200000e+01
3.342413008200000e-01	2.219353866600000e+01
3.369809687100000e-01	2.228929138200000e+01
3.397206664100000e-01	2.238322258000000e+01
3.424603343000000e-01	2.247537231400000e+01
3.452000320000000e-01	2.256577491800000e+01
3.479396998900000e-01	2.265446662900000e+01
3.506793975800000e-01	2.274148368800000e+01
3.534190654800000e-01	2.282685852100000e+01
3.561587631700000e-01	2.291062545800000e+01
3.588984310600000e-01	2.299281883200000e+01
3.616381287600000e-01	2.307346725500000e+01
3.643777966500000e-01	2.315260314900000e+01
3.671174943400000e-01	2.323025703400000e+01
3.698571622400000e-01	2.330645942700000e+01
3.725968599300000e-01	2.338123703000000e+01
3.753365278200000e-01	2.345462036100000e+01
3.780762255200000e-01	2.352663612400000e+01
3.808158934100000e-01	2.359731292700000e+01
3.835555911100000e-01	2.366667556800000e+01
3.862952888000000e-01	2.373475074800000e+01
3.890349566900000e-01	2.380156326300000e+01
3.917746543900000e-01	2.386713790900000e+01
3.945143222800000e-01	2.393149948100000e+01
3.972540199800000e-01	2.399467086800000e+01
3.999936878700000e-01	2.405667686500000e+01
4.027333855600000e-01	2.411753845200000e+01
4.054730534600000e-01	2.417727851900000e+01
4.082127511500000e-01	2.423591995200000e+01
4.109524190400000e-01	2.429348182700000e+01
4.136921167400000e-01	2.434998703000000e+01
4.164317846300000e-01	2.440545463600000e+01
4.191714823200000e-01	2.445990562400000e+01
4.219111502200000e-01	2.451335716200000e+01
4.246508479100000e-01	2.456583213800000e+01
4.273905158000000e-01	2.461734581000000e+01
4.301302135000000e-01	2.466791915900000e+01
4.328698813900000e-01	2.471756935100000e+01
4.356095790900000e-01	2.476631164600000e+01
4.383492469800000e-01	2.481416702300000e+01
4.410889446700000e-01	2.486115074200000e+01
4.438286125700000e-01	2.490727806100000e+01
4.465683102600000e-01	2.495256614700000e+01
4.493079781500000e-01	2.499703216600000e+01
4.520476758500000e-01	2.504068946800000e+01
4.547873437400000e-01	2.508355522200000e+01
4.575270414400000e-01	2.512564277600000e+01
4.602667093300000e-01	2.516696739200000e+01
4.630064070200000e-01	2.520754432700000e+01
4.657460749100000e-01	2.524738502500000e+01
4.684857726100000e-01	2.528650665300000e+01
4.712254405000000e-01	2.532491874700000e+01
4.739651382000000e-01	2.536263847400000e+01
4.767048060900000e-01	2.539967536900000e+01
4.794445037800000e-01	2.543604469300000e+01
4.821841716800000e-01	2.547175788900000e+01
4.849238693700000e-01	2.550682830800000e+01
4.876635372600000e-01	2.554126548800000e+01
4.904032349600000e-01	2.557508087200000e+01
4.931429028500000e-01	2.560828971900000e+01
4.958826005500000e-01	2.564090156600000e+01
4.986222684400000e-01	2.567292404200000e+01
5.013619661299999e-01	2.570437431300000e+01
5.041016340300000e-01	2.573525810200000e+01
5.068413019200000e-01	2.576558685300000e+01
5.095809698100000e-01	2.579537010200000e+01
5.123206973100000e-01	2.582462120100000e+01
5.150603652000000e-01	2.585334777800000e+01
5.178000330900000e-01	2.588155746500000e+01
5.205397009800000e-01	2.590926361100000e+01
5.232794284800000e-01	2.593647193900000e+01
5.260190963700000e-01	2.596319389300000e+01
5.287587642700000e-01	2.598943710300000e+01
5.314984321600000e-01	2.601521301300000e+01
5.342381596600000e-01	2.604052543600000e+01
5.369778275500000e-01	2.606538581800000e+01
5.397174954400000e-01	2.608980369600000e+01
5.424571633300000e-01	2.611378288300000e+01
5.451968908300000e-01	2.613733673100000e+01
5.479365587200000e-01	2.616046714800000e+01
5.506762266200000e-01	2.618318748500000e+01
5.534158945100000e-01	2.620550155600000e+01
5.561556220100000e-01	2.622741699200000e+01
5.588952899000000e-01	2.624894142200000e+01
5.616349577899999e-01	2.627008438100000e+01
5.643746256800000e-01	2.629084968600000e+01
5.671143531800000e-01	2.631124496500000e+01
5.698540210700000e-01	2.633127594000000e+01
5.725936889600000e-01	2.635095214800000e+01
5.753333568600000e-01	2.637027740500000e+01
5.780730843500000e-01	2.638925933800000e+01
5.808127522500000e-01	2.640790367100000e+01
5.835524201400000e-01	2.642621612500000e+01
5.862920880300000e-01	2.644420242300000e+01
5.890318155299999e-01	2.646187019300000e+01
5.917714834200000e-01	2.647922325100000e+01
5.945111513100000e-01	2.649626922600000e+01
5.972508192100000e-01	2.651301193200000e+01
5.999905467000000e-01	2.652945709200000e+01
6.027302146000000e-01	2.654561042800000e+01
6.054698824900000e-01	2.656147766100000e+01
6.082095503800000e-01	2.657706260700000e+01
6.109492778800000e-01	2.659237289400000e+01
6.136889457700000e-01	2.660741043100000e+01
6.164286136600000e-01	2.662218093900000e+01
6.191682815600000e-01	2.663669014000000e+01
6.219080090500000e-01	2.665094184900000e+01
6.246476769400000e-01	2.666494178800000e+01
6.273873448400000e-01	2.667869186400000e+01
6.301270127300000e-01	2.669219970700000e+01
6.328667402300000e-01	2.670546913100000e+01
6.356064081200000e-01	2.671850204500000e+01
6.383460760100000e-01	2.673130607600000e+01
6.410857438999999e-01	2.674388313300000e+01
6.438254714000000e-01	2.675623703000000e+01
6.465651392900000e-01	2.676837158200000e+01
6.493048071900001e-01	2.678029251100000e+01
6.520444750800000e-01	2.679200172400000e+01
6.547842025800000e-01	2.680350494400000e+01
6.575238704700000e-01	2.681480407700000e+01
6.602635383600000e-01	2.682590293900000e+01
6.630032062500000e-01	2.683680725100000e+01
6.657429337500000e-01	2.684751892100000e+01
6.684826016400000e-01	2.685803985600000e+01
6.712222695400000e-01	2.686837577800000e+01
6.739619374300000e-01	2.687852859500000e+01
6.767016649199999e-01	2.688850212100000e+01
6.794413328200000e-01	2.689830017100000e+01
6.821810007100000e-01	2.690792465200000e+01
6.849206686000000e-01	2.691737747200000e+01
6.876603961000000e-01	2.692666626000000e+01
6.904000639900000e-01	2.693578910800000e+01
6.931397318800000e-01	2.694475174000000e+01
6.958793997800000e-01	2.695355606100000e+01
6.986191272700000e-01	2.696220588700000e+01
7.013587951700000e-01	2.697070312500000e+01
7.040984630600000e-01	2.697904968300000e+01
7.068381309500000e-01	2.698724937400000e+01
7.095778584500000e-01	2.699530410800000e+01
7.123175263400000e-01	2.700321579000000e+01
7.150571942300000e-01	2.701099014300000e+01
7.177968621300000e-01	2.701862525900000e+01
7.205365896200000e-01	2.702612686200000e+01
7.232762575100000e-01	2.703349685700000e+01
7.260159254100000e-01	2.704073715200000e+01
7.287555932999999e-01	2.704784774800000e+01
7.314953208000000e-01	2.705483436600000e+01
7.342349886900000e-01	2.706169891400000e+01
7.369746565800001e-01	2.706844139100000e+01
7.397143244700000e-01	2.707506370500000e+01
7.424540519700000e-01	2.708157157900000e+01
7.451937198600000e-01	2.708796310400000e+01
7.479333877600000e-01	2.709424400300000e+01
7.506730556500000e-01	2.710041236900000e+01
7.534127831500000e-01	2.710647392300000e+01
7.561524510400000e-01	2.711242675800000e+01
7.588921189300000e-01	2.711827659600000e+01
7.616317868200000e-01	2.712402153000000e+01
7.643715143199999e-01	2.712966728200000e+01
7.671111822100000e-01	2.713521194500000e+01
7.698508501100000e-01	2.714065933200000e+01
7.725905776000001e-01	2.714601135300000e+01
7.753302454900000e-01	2.715126991300000e+01
7.780699133900000e-01	2.715643501300000e+01
7.808095812800000e-01	2.716150856000000e+01
7.835493087800000e-01	2.716649437000000e+01
7.862889766700000e-01	2.717139053300000e+01
7.890286445600000e-01	2.717620277400000e+01
7.917683124500000e-01	2.718092918400000e+01
7.945080399500000e-01	2.718557167100000e+01
7.972477078400000e-01	2.719013404800000e+01
7.999873757400000e-01	2.719461441000000e+01
8.027270436300000e-01	2.719901847800000e+01
8.054667711300000e-01	2.720334243800000e+01
8.082064390200000e-01	2.720759201000000e+01
8.109461069100000e-01	2.721176528900000e+01
8.136857748000000e-01	2.721586608900000e+01
8.164255023000000e-01	2.721989631700000e+01
8.191651701900000e-01	2.722385406500000e+01
8.219048380900000e-01	2.722774124100000e+01
8.246445059800001e-01	2.723156166100000e+01
8.273842334700000e-01	2.723531532300000e+01
8.301239013700000e-01	2.723900222800000e+01
8.328635692600000e-01	2.724262428300000e+01
8.356032371500000e-01	2.724618148800000e+01
8.383429646500000e-01	2.724967765800000e+01
8.410826325400000e-01	2.725311279300000e+01
8.438223004299999e-01	2.725648498500000e+01
8.465619683300000e-01	2.725979995700000e+01
8.493016958200000e-01	2.726305770900000e+01
8.520413637199999e-01	2.726625633200000e+01
8.547810316100000e-01	2.726939964300000e+01
8.575206995000000e-01	2.727248764000000e+01
8.602604270000000e-01	2.727552032500000e+01
8.630000948900000e-01	2.727849960300000e+01
8.657397627800000e-01	2.728142738300000e+01
8.684794306800000e-01	2.728430366500000e+01
8.712191581700000e-01	2.728713035600000e+01
8.739588260700000e-01	2.728990554800000e+01
8.766984939600000e-01	2.729263305700000e+01
8.794381618500000e-01	2.729531288100000e+01
8.821778893500000e-01	2.729794502300000e+01
8.849175572400000e-01	2.730053138700000e+01
8.876572251300000e-01	2.730307197600000e+01
8.903968930200000e-01	2.730556869500000e+01
8.931366205200000e-01	2.730801963800000e+01
8.958762884100000e-01	2.731042861900000e+01
8.986159563100000e-01	2.731279563900000e+01
9.013556242000000e-01	2.731512069700000e+01
9.040953517000000e-01	2.731740570100000e+01
9.068350195900000e-01	2.731965065000000e+01
9.095746874800000e-01	2.732185554500000e+01
9.123143553700001e-01	2.732402038600000e+01
9.150540828700000e-01	2.732614898700000e+01
9.177937507600000e-01	2.732823944100000e+01
9.205334186600000e-01	2.733029365500000e+01
9.232730865500000e-01	2.733231163000000e+01
9.260128140400000e-01	2.733429336500000e+01
9.287524819400000e-01	2.733624267600000e+01
9.314921498299999e-01	2.733815574600000e+01
9.342318177200000e-01	2.734003448500000e+01
9.369715452200000e-01	2.734188270600000e+01
9.397112131100001e-01	2.734369659400000e+01
9.424508810000000e-01	2.734547805800000e+01
9.451905489000000e-01	2.734723091100000e+01
9.479302763900000e-01	2.734895134000000e+01
9.506699442900000e-01	2.735064125100000e+01
9.534096121800000e-01	2.735230064400000e+01
9.561492800700000e-01	2.735393333400000e+01
9.588890075700000e-01	2.735553550700000e+01
9.616286754600000e-01	2.735711097700000e+01
9.643683433500000e-01	2.735865783700000e+01
9.671080112500000e-01	2.736017799400000e+01
9.698477387400000e-01	2.736167144800000e+01
9.725874066400000e-01	2.736313819900000e+01
9.753270745300000e-01	2.736457824700000e+01
9.780667424200000e-01	2.736599540700000e+01
9.808064699200000e-01	2.736738586400000e+01
9.835461378100000e-01	2.736875152600000e+01
9.862858057000000e-01	2.737009429900000e+01
9.890254735900000e-01	2.737141418500000e+01
9.917652010900000e-01	2.737270927400000e+01
9.945048689800000e-01	2.737398338300000e+01
9.972445368800000e-01	2.737523460400000e+01
9.999842047700001e-01	2.737646293600000e+01
1.002723932300000e+00	2.737767028800000e+01
1.005463600200000e+00	2.737885665900000e+01
1.008203268100000e+00	2.738002204900000e+01
1.010942935900000e+00	2.738116645800000e+01
1.013682603800000e+00	2.738229179400000e+01
1.016422271700000e+00	2.738339614900000e+01
1.019161939600000e+00	2.738448143000000e+01
1.021901607500000e+00	2.738554763800000e+01
1.024641394600000e+00	2.738659668000000e+01
1.027381062500000e+00	2.738762474100000e+01
1.030120730400000e+00	2.738863754300000e+01
1.032860398300000e+00	2.738963127100000e+01
1.035600066200000e+00	2.739060592700000e+01
1.038339734100000e+00	2.739156532300000e+01
1.041079402000000e+00	2.739250755300000e+01
1.043819069900000e+00	2.739343452500000e+01
1.046558857000000e+00	2.739434242200000e+01
1.049298524900000e+00	2.739523696900000e+01
1.052038192700000e+00	2.739611434900000e+01
1.054777860600000e+00	2.739697647100000e+01
1.057517528500000e+00	2.739782333400000e+01
1.060257196400000e+00	2.739865684500000e+01
1.062996864300000e+00	2.739947509800000e+01
1.065736532200000e+00	2.740027809100000e+01
1.068476319300000e+00	2.740106773400000e+01
1.071215987200000e+00	2.740184211700000e+01
1.073955655100000e+00	2.740260505700000e+01
1.076695323000000e+00	2.740335273700000e+01
1.079434990900000e+00	2.740408897400000e+01
1.082174658800000e+00	2.740480995200000e+01
1.084914326700000e+00	2.740551948500000e+01
1.087653994600000e+00	2.740621757500000e+01
1.090393781700000e+00	2.740690231300000e+01
1.093133449600000e+00	2.740745925900000e+01
1.095873117400000e+00	2.740779304500000e+01
1.098612785300000e+00	2.740781021100000e+01
1.101352453200000e+00	2.740752601600000e+01
1.104092121100000e+00	2.740703201300000e+01
1.106831789000000e+00	2.740618705700000e+01
1.109571456900000e+00	2.740498924300000e+01
1.112311244000000e+00	2.740340805100000e+01
1.115050911900000e+00	2.740140533400000e+01
1.117790579800000e+00	2.739893913300000e+01
1.120530247700000e+00	2.739596748400000e+01
1.123269915600000e+00	2.739244079600000e+01
1.126009583500000e+00	2.738830375700000e+01
1.128749251400000e+00	2.738349723800000e+01
1.131488919300000e+00	2.737795448300000e+01
1.134228706400000e+00	2.737160491900000e+01
1.136968374300000e+00	2.736436462400000e+01
1.139708042100000e+00	2.735614585900000e+01
1.142447710000000e+00	2.734684753400000e+01
1.145187377900000e+00	2.733636093100000e+01
1.147927045800000e+00	2.732456207300000e+01
1.150666713700000e+00	2.731131553600000e+01
1.153406500800000e+00	2.729647064200000e+01
1.156146168700000e+00	2.727985382100000e+01
1.158885836600000e+00	2.726127815200000e+01
1.161625504500000e+00	2.724052810700000e+01
1.164365172400000e+00	2.721736335800000e+01
1.167104840300000e+00	2.719151496900000e+01
1.169844508200000e+00	2.716267204300000e+01
1.172584176100000e+00	2.713048553500000e+01
1.175323963200000e+00	2.709455490100000e+01
1.178063631100000e+00	2.705441856400000e+01
1.180803299000000e+00	2.700954246500000e+01
1.183542966800000e+00	2.695930290200000e+01
1.186282634700000e+00	2.690297126800000e+01
1.189022302600000e+00	2.683968162500000e+01
1.191761970500000e+00	2.676839828500000e+01
1.194501638400000e+00	2.668787193300000e+01
1.197241425500000e+00	2.659657859800000e+01
1.199981093400000e+00	2.649264144900000e+01
1.202720761300000e+00	2.637371635400000e+01
1.205460429200000e+00	2.623685455300000e+01
1.208200097100000e+00	2.607830619800000e+01
1.210939765000000e+00	2.589329147300000e+01
1.213679432900000e+00	2.567573928800000e+01
1.216419100800000e+00	2.541806983900000e+01
1.219158887900000e+00	2.511126518200000e+01
1.221898555800000e+00	2.474565124500000e+01
1.224638223600000e+00	2.431296920800000e+01
1.227377891500000e+00	2.380986785900000e+01
1.230117559400000e+00	2.324111938500000e+01
1.232857227300000e+00	2.261946678200000e+01
1.235596895200000e+00	2.196126747100000e+01
1.238336563100000e+00	2.128134155300000e+01
1.241076350200000e+00	2.059051322900000e+01
1.243816018100000e+00	1.989583587600000e+01
1.246555686000000e+00	1.920177650500000e+01
1.249295353900000e+00	1.851129341100000e+01
1.252035021800000e+00	1.782651138300000e+01
1.254774689700000e+00	1.714909935000000e+01
1.257514357600000e+00	1.648045730600000e+01
1.260254025500000e+00	1.582181644400000e+01
1.262993812600000e+00	1.517428112000000e+01
1.265733480500000e+00	1.453884315500000e+01
1.268473148300000e+00	1.391639614100000e+01
1.271212816200000e+00	1.330774021100000e+01
1.273952484100000e+00	1.271358203900000e+01
1.276692152000000e+00	1.213453960400000e+01
1.279431819900000e+00	1.157114505800000e+01
1.282171487800000e+00	1.102384567300000e+01
1.284911274900000e+00	1.049300766000000e+01
1.287650942800000e+00	9.978920936600000e+00
1.290390610700000e+00	9.481799125700000e+00
1.293130278600000e+00	9.001787185700000e+00
1.295869946500000e+00	8.538961410500001e+00
1.298609614400000e+00	8.093335151700000e+00
1.301349282300000e+00	7.664863586400000e+00
1.304088950200000e+00	7.253445148500000e+00
1.306828737300000e+00	6.858928680400000e+00
1.309568405200000e+00	6.481115341200000e+00
1.312308073000000e+00	6.119763851200000e+00
1.315047740900000e+00	5.774593830100000e+00
1.317787408800000e+00	5.445291042300000e+00
1.320527076700000e+00	5.131508827200000e+00
1.323266744600000e+00	4.832875251800000e+00
1.326006412500000e+00	4.548997879000000e+00
1.328746199600000e+00	4.280898571000000e+00
1.331485867500000e+00	4.031023979200000e+00
1.334225535400000e+00	3.800492763500000e+00
1.336965203300000e+00	3.589384317400000e+00
1.339704871200000e+00	3.397153377500000e+00
1.342444539100000e+00	3.222861051600000e+00
1.345184207000000e+00	3.065332651100000e+00
1.347923874900000e+00	2.923278331800000e+00
1.350663662000000e+00	2.795374870300000e+00
1.353403329800000e+00	2.680325269700000e+00
1.356142997700000e+00	2.576894283300000e+00
1.358882665600000e+00	2.483928442000000e+00
1.361622333500000e+00	2.400366544700000e+00
1.364362001400000e+00	2.325241804100000e+00
1.367101669300000e+00	2.257678985600000e+00
1.369841337200000e+00	2.196890831000000e+00
1.372581124300000e+00	2.142170906100000e+00
1.375320792200000e+00	2.092886686300000e+00
1.378060460100000e+00	2.048472642900000e+00
1.380800128000000e+00	2.008424043700000e+00
1.383539795900000e+00	1.972289800600000e+00
1.386279463800000e+00	1.939667224900000e+00
1.389019131700000e+00	1.910196781200000e+00
1.391758799600000e+00	1.883557081200000e+00
1.394498586700000e+00	1.859460949900000e+00
1.397238254500000e+00	1.837651372000000e+00
1.399977922400000e+00	1.817898392700000e+00
1.402717590300000e+00	1.799995899200000e+00
1.405457258200000e+00	1.783759594000000e+00
1.408196926100000e+00	1.769023656800000e+00
1.410936594000000e+00	1.755639672300000e+00
1.413676261900000e+00	1.743474483500000e+00
1.416416049000000e+00	1.732408165900000e+00
1.419155716900000e+00	1.722333431200000e+00
1.421895384800000e+00	1.713153243100000e+00
1.424635052700000e+00	1.704781055500000e+00
1.427374720600000e+00	1.697138547900000e+00
1.430114388500000e+00	1.690155506100000e+00
1.432854056400000e+00	1.683768630000000e+00
1.435593724300000e+00	1.677921176000000e+00
1.438333511400000e+00	1.672561883900000e+00
1.441073179200000e+00	1.667644739200000e+00
1.443812847100000e+00	1.663128376000000e+00
1.446552515000000e+00	1.658975482000000e+00
1.449292182900000e+00	1.655152440100000e+00
1.452031850800000e+00	1.651629090300000e+00
1.454771518700000e+00	1.648378253000000e+00
1.457511186600000e+00	1.645375490200000e+00
1.460250973700000e+00	1.642598748200000e+00
1.462990641600000e+00	1.640027999900000e+00
1.465730309500000e+00	1.637645483000000e+00
1.468469977400000e+00	1.635434985200000e+00
1.471209645300000e+00	1.633381843600000e+00
1.473949313200000e+00	1.631473064400000e+00
1.476688981100000e+00	1.629696488400000e+00
1.479428648900000e+00	1.628041505800000e+00
1.482168436100000e+00	1.626498222400000e+00
1.484908103900000e+00	1.625057935700000e+00
1.487647771800000e+00	1.623712420500000e+00
1.490387439700000e+00	1.622454524000000e+00
1.493127107600000e+00	1.621277570700000e+00
1.495866775500000e+00	1.620175480800000e+00
1.498606443400000e+00	1.619142651600000e+00
1.501346111300000e+00	1.619142651600000e+00
