time	force
0.000000000000000e+00	1.491042203300000e-03
1.578385825300000e-03	1.491042203300000e-03
3.156771650500000e-03	1.491042203300000e-03
4.735157359400000e-03	1.491042203300000e-03
6.313543301100000e-03	1.491042203300000e-03
7.891928777100000e-03	1.491042203300000e-03
9.470314718799999e-03	1.491042203300000e-03
1.104870066000000e-02	1.491042203300000e-03
1.262708660200000e-02	1.491042203300000e-03
1.420547254400000e-02	1.491042203300000e-03
1.578385755400000e-02	1.491042203300000e-03
1.736224442700000e-02	1.491042203300000e-03
1.894062943800000e-02	1.491042203300000e-03
2.051901631100000e-02	1.491042203300000e-03
2.209740132100000e-02	1.491042203300000e-03
2.367578819400000e-02	1.491042203300000e-03
2.525417320400000e-02	1.491042203300000e-03
2.683256007700000e-02	1.491042203300000e-03
2.841094508800000e-02	1.491042203300000e-03
2.998933009800000e-02	1.491042203300000e-03
3.156771510800000e-02	1.491042203300000e-03
3.314610198100000e-02	1.491042203300000e-03
3.472448885400000e-02	1.491042203300000e-03
3.630287200200000e-02	1.491042203300000e-03
3.788125887500000e-02	1.491042203300000e-03
3.945964574800000e-02	1.491042203300000e-03
4.103803262100000e-02	1.491042203300000e-03
4.261641576900000e-02	1.491042203300000e-03
4.419480264200000e-02	1.491042203300000e-03
4.577318951500000e-02	1.491042203300000e-03
4.735157638800000e-02	1.491042203300000e-03
4.892995953600000e-02	1.491042203300000e-03
5.050834640900000e-02	1.491042203300000e-03
5.208673328200000e-02	1.491042203300000e-03
5.366512015500000e-02	1.491042203300000e-03
5.524350330200000e-02	1.491042203300000e-03
5.682189017500000e-02	1.491042203300000e-03
5.840027704800000e-02	1.491042203300000e-03
5.997866019600000e-02	1.491042203300000e-03
6.155704706900000e-02	1.491042203300000e-03
6.313543021699999e-02	1.491042203300000e-03
6.471382081500000e-02	1.491042203300000e-03
6.629220396299999e-02	1.491042203300000e-03
6.787058711100000e-02	1.491042203300000e-03
6.944897770900001e-02	1.491042203300000e-03
7.102736085700000e-02	1.491042203300000e-03
7.260574400399999e-02	1.491042203300000e-03
7.418413460300000e-02	1.491042203300000e-03
7.576251774999999e-02	1.491042203300000e-03
7.734090834900000e-02	1.491042203300000e-03
7.891929149599999e-02	1.491042203300000e-03
8.049767464400000e-02	1.491042203300000e-03
8.207606524199999e-02	1.491042203300000e-03
8.365444839000000e-02	1.491042203300000e-03
8.523283153800000e-02	1.491042203300000e-03
8.681122213600000e-02	1.491042203300000e-03
8.838960528400000e-02	1.491042203300000e-03
8.996798843100000e-02	1.491042203300000e-03
9.154637903000000e-02	1.693386118900000e-03
9.312476217700000e-02	2.394239883900000e-03
9.470315277600000e-02	3.578139236200000e-03
9.628153592300000e-02	5.214552395000000e-03
9.785991907100000e-02	7.278673350800000e-03
9.943830966900000e-02	9.772146120699999e-03
1.010166928200000e-01	1.274043507900000e-02
1.025950759600000e-01	1.628639921500000e-02
1.041734665600000e-01	2.058053202900000e-02
1.057518497100000e-01	2.586788311600000e-02
1.073302403100000e-01	3.225076943600000e-02
1.089086234600000e-01	4.004185274200000e-02
1.104870066000000e-01	4.960390925400000e-02
1.120653972000000e-01	6.128074973800000e-02
1.136437803500000e-01	7.538001239300000e-02
1.152221635000000e-01	9.215846657800000e-02
1.168005541000000e-01	1.118111237900000e-01
1.183789372400000e-01	1.344648897600000e-01
1.199573203900000e-01	1.601769030100000e-01
1.215357109900000e-01	1.889369487800000e-01
1.231140941400000e-01	2.206735462000000e-01
1.246924847400000e-01	2.552622258700000e-01
1.262708604300000e-01	2.925353944300000e-01
1.278492510300000e-01	3.322925269600000e-01
1.294276416300000e-01	3.743101060400000e-01
1.310060173300000e-01	4.183507263700000e-01
1.325844079300000e-01	4.641709625700000e-01
1.341627985200000e-01	5.115278959300000e-01
1.357411742200000e-01	5.601842999500000e-01
1.373195648200000e-01	6.099126935000000e-01
1.388979554200000e-01	6.604977846100000e-01
1.404763311100000e-01	7.117386460300000e-01
1.420547217100000e-01	7.634496092800001e-01
1.436331123100000e-01	8.154606819200000e-01
1.452114880100000e-01	8.676175475100000e-01
1.467898786100000e-01	9.197810292200000e-01
1.483682692100000e-01	9.718266129499999e-01
1.499466449000000e-01	1.023643612900000e+00
1.515250355000000e-01	1.075134158100000e+00
1.531034261000000e-01	1.126212239300000e+00
1.546818167000000e-01	1.176802873600000e+00
1.562601923900000e-01	1.226841330500000e+00
1.578385829900000e-01	1.276271462400000e+00
1.594169735900000e-01	1.325045943300000e+00
1.609953492900000e-01	1.373124361000000e+00
1.625737398900000e-01	1.420473337200000e+00
1.641521304800000e-01	1.467065095900000e+00
1.657305061800000e-01	1.512877702700000e+00
1.673088967800000e-01	1.557893514600000e+00
1.688872873800000e-01	1.602099180200000e+00
1.704656630800000e-01	1.645485281900000e+00
1.720440536700000e-01	1.688045620900000e+00
1.736224442700000e-01	1.729776620900000e+00
1.752008199700000e-01	1.770677685700000e+00
1.767792105700000e-01	1.810750126800000e+00
1.783576011700000e-01	1.849997401200000e+00
1.799359768600000e-01	1.888424634900000e+00
1.815143674600000e-01	1.926038265200000e+00
1.830927580600000e-01	1.962846279100000e+00
1.846711486600000e-01	1.998857498200000e+00
1.862495243500000e-01	2.034081697500000e+00
1.878279149500000e-01	2.068529605900000e+00
1.894063055500000e-01	2.102212429000000e+00
1.909846812500000e-01	2.135142326400000e+00
1.925630718500000e-01	2.167331218700000e+00
1.941414624500000e-01	2.198791742300000e+00
1.957198381400000e-01	2.229537010200000e+00
1.972982287400000e-01	2.259580135300000e+00
1.988766193400000e-01	2.288934469200000e+00
2.004549950400000e-01	2.317613124800000e+00
2.020333856300000e-01	2.345629930500000e+00
2.036117762300000e-01	2.372997760800000e+00
2.051901519300000e-01	2.399730444000000e+00
2.067685425300000e-01	2.425841331500000e+00
2.083469331300000e-01	2.451343536400000e+00
2.099253088200000e-01	2.476250410100000e+00
2.115036994200000e-01	2.500574588800000e+00
2.130820900200000e-01	2.524329185500000e+00
2.146604806200000e-01	2.547527074800000e+00
2.162388563200000e-01	2.570180416100000e+00
2.178172469100000e-01	2.592301607100000e+00
2.193956375100000e-01	2.613903045700000e+00
2.209740132100000e-01	2.634996652600000e+00
2.225524038100000e-01	2.655593872100000e+00
2.241307944100000e-01	2.675706386600000e+00
2.257091701000000e-01	2.695345401800000e+00
2.272875607000000e-01	2.714522361800000e+00
2.288659513000000e-01	2.733247518500000e+00
2.304443270000000e-01	2.751532077800000e+00
2.320227176000000e-01	2.769386053100000e+00
2.336011081900000e-01	2.786819696400000e+00
2.351794838900000e-01	2.803843259800000e+00
2.367578744900000e-01	2.820466280000000e+00
2.383362650900000e-01	2.836698293700000e+00
2.399146407800000e-01	2.852548837700000e+00
2.414930313800000e-01	2.868026733400000e+00
2.430714219800000e-01	2.883140802400000e+00
2.446498125800000e-01	2.897900342900000e+00
2.462281882800000e-01	2.912313222900000e+00
2.478065788700000e-01	2.926388025300000e+00
2.493849694700000e-01	2.940132856400000e+00
2.509633302700000e-01	2.953555822400000e+00
2.525417208700000e-01	2.966664075900000e+00
2.541201114700000e-01	2.979465723000000e+00
2.556985020600000e-01	2.991967916500000e+00
2.572768926600000e-01	3.004177570300000e+00
2.588552832600000e-01	3.016102314000000e+00
2.604336440600000e-01	3.027748346300000e+00
2.620120346500000e-01	3.039122819900000e+00
2.635904252500000e-01	3.050231933600000e+00
2.651688158500000e-01	3.061082124700000e+00
2.667472064500000e-01	3.071679592100000e+00
2.683255970500000e-01	3.082030534700000e+00
2.699039578400000e-01	3.092140674600000e+00
2.714823484400000e-01	3.102015972100000e+00
2.730607390400000e-01	3.111661672600000e+00
2.746391296400000e-01	3.121083498000000e+00
2.762175202400000e-01	3.130286693600000e+00
2.777959108400000e-01	3.139276504500000e+00
2.793743014300000e-01	3.148058176000000e+00
2.809526622300000e-01	3.156636476500000e+00
2.825310528300000e-01	3.165016174300000e+00
2.841094434300000e-01	3.173202037800000e+00
2.856878340200000e-01	3.181198835400000e+00
2.872662246200000e-01	3.189011097000000e+00
2.888446152200000e-01	3.196642875700000e+00
2.904229760200000e-01	3.204098463100000e+00
2.920013666200000e-01	3.211382389100000e+00
2.935797572100000e-01	3.218498468400000e+00
2.951581478100000e-01	3.225450515700000e+00
2.967365384100000e-01	3.232242584200000e+00
2.983149290100000e-01	3.238878727000000e+00
2.998932898000000e-01	3.245362043400000e+00
3.014716804000000e-01	3.251696348200000e+00
3.030500710000000e-01	3.257885456100000e+00
3.046284616000000e-01	3.263932466500000e+00
3.062068522000000e-01	3.269840717300000e+00
3.077852428000000e-01	3.275613546400000e+00
3.093636333900000e-01	3.281254053100000e+00
3.109419941900000e-01	3.286765575400000e+00
3.125203847900000e-01	3.292150735900000e+00
3.140987753900000e-01	3.297412872300000e+00
3.156771659900000e-01	3.302554607400000e+00
3.172555565800000e-01	3.307578802100000e+00
3.188339471800000e-01	3.312488079100000e+00
3.204123079800000e-01	3.317285537700000e+00
3.219906985800000e-01	3.321973323800000e+00
3.235690891700000e-01	3.326554298400000e+00
3.251474797700000e-01	3.331030607200000e+00
3.267258703700000e-01	3.335405111300000e+00
3.283042609700000e-01	3.339679956400000e+00
3.298826217700000e-01	3.343857288400000e+00
3.314610123600000e-01	3.347939729700000e+00
3.330394029600000e-01	3.351929187800000e+00
3.346177935600000e-01	3.355827808400000e+00
3.361961841600000e-01	3.359637737300000e+00
3.377745747600000e-01	3.363361358600000e+00
3.393529653500000e-01	3.367000341400000e+00
3.409313261500000e-01	3.370556592900000e+00
3.425097167500000e-01	3.374032020600000e+00
3.440881073500000e-01	3.377428770100000e+00
3.456664979500000e-01	3.380748271900000e+00
3.472448885400000e-01	3.383992672000000e+00
3.488232791400000e-01	3.387163400700000e+00
3.504016399400000e-01	3.390262365300000e+00
3.519800305400000e-01	3.393290996600000e+00
3.535584211300000e-01	3.396251201600000e+00
3.551368117300000e-01	3.399144172700000e+00
3.567152023300000e-01	3.401971817000000e+00
3.582935929300000e-01	3.404735565200000e+00
3.598719537300000e-01	3.407436847700000e+00
3.614503443200000e-01	3.410076856600000e+00
3.630287349200000e-01	3.412657260900000e+00
3.646071255200000e-01	3.415179252600000e+00
3.661855161200000e-01	3.417644500700000e+00
3.677639067200000e-01	3.420053958900000e+00
3.693422973200000e-01	3.422408819200000e+00
3.709206581100000e-01	3.424710750600000e+00
3.724990487100000e-01	3.426960706700000e+00
3.740774393100000e-01	3.429159879700000e+00
3.756558299100000e-01	3.431309223200000e+00
3.772342205000000e-01	3.433410406100000e+00
3.788126111000000e-01	3.435464143800000e+00
3.803909719000000e-01	3.437471389800000e+00
3.819693625000000e-01	3.439433574700000e+00
3.835477531000000e-01	3.441351413700000e+00
3.851261436900000e-01	3.443226337400000e+00
3.867045342900000e-01	3.445058822600000e+00
3.882829248900000e-01	3.446850061400000e+00
3.898612856900000e-01	3.448601007500000e+00
3.914396762800000e-01	3.450312376000000e+00
3.930180668800000e-01	3.451985359200000e+00
3.945964574800000e-01	3.453620910600000e+00
3.961748480800000e-01	3.455219268800000e+00
3.977532386800000e-01	3.456782102600000e+00
3.993316292800000e-01	3.458309412000000e+00
4.009099900700000e-01	3.459802627600000e+00
4.024883806700000e-01	3.461262226100000e+00
4.040667712700000e-01	3.462688922900000e+00
4.056451618700000e-01	3.464083671600000e+00
4.072235524700000e-01	3.465446949000000e+00
4.088019430600000e-01	3.466779708900000e+00
4.103803038600000e-01	3.468082666400000e+00
4.119586944600000e-01	3.469356060000000e+00
4.135370850600000e-01	3.470601081800000e+00
4.151154756500000e-01	3.471817970300000e+00
4.166938662500000e-01	3.473007679000000e+00
4.182722568500000e-01	3.474170684800000e+00
4.198506176500000e-01	3.475307703000000e+00
4.214290082500000e-01	3.476418972000000e+00
4.230073988400000e-01	3.477505445500000e+00
4.245857894400000e-01	3.478567361800000e+00
4.261641800400000e-01	3.479605674700000e+00
4.277425706400000e-01	3.480620622600000e+00
4.293209612400000e-01	3.481612920800000e+00
4.308993220300000e-01	3.482582807500000e+00
4.324777126300000e-01	3.483530998200000e+00
4.340561032300000e-01	3.484457969700000e+00
4.356344938300000e-01	3.485364198700000e+00
4.372128844300000e-01	3.486249923700000e+00
4.387912750200000e-01	3.487116098400000e+00
4.403696358200000e-01	3.487962722800000e+00
4.419480264200000e-01	3.488790273700000e+00
4.435264170200000e-01	3.489599466300000e+00
4.451048076200000e-01	3.490390300800000e+00
4.466831982100000e-01	3.491163730600000e+00
4.482615888100000e-01	3.491919517500000e+00
4.498399496100000e-01	3.492658615100000e+00
4.514183402100000e-01	3.493381023400000e+00
4.529967308000000e-01	3.494087219200000e+00
4.545751214000000e-01	3.494777917900000e+00
4.561535120000000e-01	3.495452880900000e+00
4.577319026000000e-01	3.496112823500000e+00
4.593102932000000e-01	3.496757984200000e+00
4.608886539900000e-01	3.497388601300000e+00
4.624670445900000e-01	3.498005151700000e+00
4.640454351900000e-01	3.498607873900000e+00
4.656238257900000e-01	3.499197244600000e+00
4.672022163900000e-01	3.499773263900000e+00
4.687806069900000e-01	3.500336647000000e+00
4.703589677800000e-01	3.500887155500000e+00
4.719373583800000e-01	3.501425504700000e+00
4.735157489800000e-01	3.501951694500000e+00
4.750941395800000e-01	3.502466201800000e+00
4.766725301700000e-01	3.502969265000000e+00
4.782509207700000e-01	3.503461122500000e+00
4.798292815700000e-01	3.503941774400000e+00
4.814076721700000e-01	3.504411697400000e+00
4.829860627700000e-01	3.504871130000000e+00
4.845644533600000e-01	3.505320549000000e+00
4.861428439600000e-01	3.505759716000000e+00
4.877212345600000e-01	3.506188869500000e+00
4.892996251600000e-01	3.506608724600000e+00
4.908779859500000e-01	3.507019043000000e+00
4.924563765500000e-01	3.507420301400000e+00
4.940347671500000e-01	3.507812500000000e+00
4.956131577500000e-01	3.508195877100000e+00
4.971915483500000e-01	3.508570909500000e+00
4.987699389500000e-01	3.508937358900000e+00
5.003482699400000e-01	3.509295702000000e+00
5.019266605400000e-01	3.509645938900000e+00
5.035050511400000e-01	3.509988546400000e+00
5.050834417300000e-01	3.510323286100000e+00
5.066618323300000e-01	3.510650634800000e+00
5.082402229300000e-01	3.510970592500000e+00
5.098186135300000e-01	3.511283636100000e+00
5.113970041300000e-01	3.511589527100000e+00
5.129753947300000e-01	3.511888504000000e+00
5.145537853200000e-01	3.512180805200000e+00
5.161321759200000e-01	3.512466669100000e+00
5.177105665200000e-01	3.512746334100000e+00
5.192889571200000e-01	3.513019561800000e+00
5.208672881100000e-01	3.513286590600000e+00
5.224456787100000e-01	3.513547658900000e+00
5.240240693100000e-01	3.513803005200000e+00
5.256024599100000e-01	3.514052629500000e+00
5.271808505100000e-01	3.514296770100000e+00
5.287592411000001e-01	3.514535188700000e+00
5.303376317000000e-01	3.514768600500000e+00
5.319160223000000e-01	3.514996528600000e+00
5.334944129000000e-01	3.515219688400000e+00
5.350728035000000e-01	3.515437603000000e+00
5.366511941000000e-01	3.515650749200000e+00
5.382295846900000e-01	3.515859127000000e+00
5.398079156900000e-01	3.516062736500000e+00
5.413863062900000e-01	3.516261816000000e+00
5.429646968800000e-01	3.516456604000000e+00
5.445430874800000e-01	3.516646862000000e+00
5.461214780800000e-01	3.516833066900000e+00
5.476998686800000e-01	3.517014980300000e+00
5.492782592800000e-01	3.517192840600000e+00
5.508566498800000e-01	3.517366886100000e+00
5.524350404700000e-01	3.517536878600000e+00
5.540134310700000e-01	3.517703056300000e+00
5.555918216700000e-01	3.517865657800000e+00
5.571702122700000e-01	3.518024683000000e+00
5.587486028700001e-01	3.518179893500000e+00
5.603269338600000e-01	3.518331766100000e+00
5.619053244600000e-01	3.518480300900000e+00
5.634837150599999e-01	3.518625497800000e+00
5.650621056600000e-01	3.518767356900000e+00
5.666404962500000e-01	3.518906116500000e+00
5.682188868500000e-01	3.519042015100000e+00
5.697972774500000e-01	3.519174575800000e+00
5.713756680500000e-01	3.519304275500000e+00
5.729540586500000e-01	3.519431114200000e+00
5.745324492500000e-01	3.519555091900000e+00
5.761108398400000e-01	3.519676208500000e+00
5.776892304400000e-01	3.519794702500000e+00
5.792676210400000e-01	3.519910574000000e+00
5.808459520300000e-01	3.520023822800000e+00
5.824243426300000e-01	3.520134449000000e+00
5.840027332300000e-01	3.520242929500000e+00
5.855811238300000e-01	3.520348548900000e+00
5.871595144300000e-01	3.520452261000000e+00
5.887379050300000e-01	3.520553350400000e+00
5.903162956200000e-01	3.520652294200000e+00
5.918946862200000e-01	3.520748853700000e+00
5.934730768199999e-01	3.520843505900000e+00
5.950514674200000e-01	3.520936012300000e+00
5.966298580200000e-01	3.521026372900000e+00
5.982082486200000e-01	3.521114587800000e+00
5.997865796100000e-01	3.521201133700000e+00
6.013649702100000e-01	3.521285533900000e+00
6.029433608100000e-01	3.521368026700000e+00
6.045217514000000e-01	3.521448850600000e+00
6.061001420000000e-01	3.521527767200000e+00
6.076785326000000e-01	3.521605014800000e+00
6.092569232000000e-01	3.521680355100000e+00
6.108353138000000e-01	3.521754264800000e+00
6.124137044000000e-01	3.521826267200000e+00
6.139920949900000e-01	3.521896839100000e+00
6.155704855900000e-01	3.521965742100000e+00
6.171488761900000e-01	3.522033214600000e+00
6.187272667900000e-01	3.522099018100000e+00
6.203055977800001e-01	3.522163391100000e+00
6.218839883800000e-01	3.522226572000000e+00
6.234623789800000e-01	3.522288084000000e+00
6.250407695800000e-01	3.522348403900000e+00
6.266191601800000e-01	3.522407054900000e+00
6.281975507699999e-01	3.522464752200000e+00
6.297759413700000e-01	3.522521019000000e+00
6.313543319700000e-01	3.522576093700000e+00
6.329327225700000e-01	3.522629737900000e+00
6.345111131700000e-01	3.522682428400000e+00
6.360895037700000e-01	3.522733688400000e+00
6.376678943600000e-01	3.522783994700000e+00
6.392462849600000e-01	3.522833108900000e+00
6.408246159600000e-01	3.522881269500000e+00
6.424030065500000e-01	3.522928237900000e+00
6.439813971500000e-01	3.522974252700000e+00
6.455597877500000e-01	3.523019075400000e+00
6.471381783500000e-01	3.523062944400000e+00
6.487165689500000e-01	3.523105859800000e+00
6.502949595500001e-01	3.523147821400000e+00
6.518733501400000e-01	3.523188829400000e+00
6.534517407400000e-01	3.523228883700000e+00
6.550301313400000e-01	3.523268222800000e+00
6.566085219400000e-01	3.523306608200000e+00
6.581869125399999e-01	3.523344039900000e+00
6.597652435300000e-01	3.523380756400000e+00
6.613436341300000e-01	3.523416519200000e+00
6.629220247299999e-01	3.523451566700000e+00
6.645004153300000e-01	3.523485899000000e+00
6.660788059200000e-01	3.523519277600000e+00
6.676571965200000e-01	3.523552179300000e+00
6.692355871200000e-01	3.523584127400000e+00
6.708139777200000e-01	3.523615360300000e+00
6.723923683200000e-01	3.523645877800000e+00
6.739707589100000e-01	3.523675918600000e+00
6.755491495100000e-01	3.523705244100000e+00
6.771275401100000e-01	3.523733854300000e+00
6.787059307100000e-01	3.523761749300000e+00
6.802842617000000e-01	3.523788929000000e+00
6.818626523000000e-01	3.523815870300000e+00
6.834410429000000e-01	3.523841857900000e+00
6.850194335000001e-01	3.523867368700000e+00
6.865978241000000e-01	3.523892402600000e+00
6.881762146900000e-01	3.523916721300000e+00
6.897546052900000e-01	3.523940801600000e+00
6.913329958900000e-01	3.523964166600000e+00
6.929113864899999e-01	3.523986816400000e+00
6.944897770900000e-01	3.524009227800000e+00
6.960681676900000e-01	3.524030923800000e+00
6.976465582800000e-01	3.524052381500000e+00
6.992249488800000e-01	3.524073123900000e+00
7.008032798800000e-01	3.524093627900000e+00
7.023816704800000e-01	3.524113416700000e+00
7.039600610700000e-01	3.524132967000000e+00
7.055384516700000e-01	3.524152040500000e+00
7.071168422700000e-01	3.524170637100000e+00
7.086952328700000e-01	3.524188995400000e+00
7.102736234700000e-01	3.524206638300000e+00
7.118520140600000e-01	3.524224042900000e+00
7.134304046600000e-01	3.524241209000000e+00
7.150087952600001e-01	3.524257659900000e+00
7.165871858600000e-01	3.524274110800000e+00
7.181655764600000e-01	3.524289846400000e+00
7.197439074500001e-01	3.524305582000000e+00
7.213222980500000e-01	3.524320602400000e+00
7.229006886500000e-01	3.524335622800000e+00
7.244790792500000e-01	3.524350166300000e+00
7.260574698400000e-01	3.524364233000000e+00
7.276358604399999e-01	3.524378299700000e+00
7.292142510400000e-01	3.524391889600000e+00
7.307926416400000e-01	3.524405002600000e+00
7.323710322400000e-01	3.524418115600000e+00
7.339494228400000e-01	3.524430751800000e+00
7.355278134300000e-01	3.524443149600000e+00
7.371062040300000e-01	3.524455308900000e+00
7.386845946300000e-01	3.524467229800000e+00
7.402629256200000e-01	3.524478673900000e+00
7.418413162200000e-01	3.524490118000000e+00
7.434197068200000e-01	3.524501323700000e+00
7.449980974200000e-01	3.524512052500000e+00
7.465764880200000e-01	3.524522543000000e+00
7.481548786200000e-01	3.524533033400000e+00
7.497332692100001e-01	3.524543047000000e+00
7.513116598100000e-01	3.524553060500000e+00
7.528900504100000e-01	3.524562835700000e+00
7.544684410100000e-01	3.524572134000000e+00
7.560468316100000e-01	3.524581432300000e+00
7.576252222099999e-01	3.524590492200000e+00
7.592036128000000e-01	3.524599313700000e+00
7.607819438000000e-01	3.524607896800000e+00
7.623603344000000e-01	3.524616479900000e+00
7.639387249900000e-01	3.524624824500000e+00
7.655171155900000e-01	3.524632930800000e+00
7.670955061900000e-01	3.524640798600000e+00
7.686738967900000e-01	3.524648428000000e+00
7.702522873900000e-01	3.524656057400000e+00
7.718306779900000e-01	3.524663448300000e+00
7.734090685800000e-01	3.524670600900000e+00
7.749874591800000e-01	3.524677753400000e+00
7.765658497800000e-01	3.524684667600000e+00
7.781442403800000e-01	3.524691343300000e+00
7.797225713700000e-01	3.524698019000000e+00
7.813009619700000e-01	3.524704456300000e+00
7.828793525700000e-01	3.524710655200000e+00
7.844577431700001e-01	3.524716854100000e+00
7.860361337700000e-01	3.524722814600000e+00
7.876145243600000e-01	3.524728775000000e+00
7.891929149600000e-01	3.524734497100000e+00
7.907713055600000e-01	3.524740219100000e+00
7.923496961599999e-01	3.524745702700000e+00
7.939280867600000e-01	3.524751186400000e+00
7.955064773600000e-01	3.524756431600000e+00
7.970848679500000e-01	3.524761438400000e+00
7.986632585500000e-01	3.524766445200000e+00
8.002415895500000e-01	3.524771452000000e+00
8.018199801400000e-01	3.524776220300000e+00
8.033983707400000e-01	3.524780988700000e+00
8.049767613400000e-01	3.524785518600000e+00
8.065551519400000e-01	3.524790048600000e+00
8.081335425400000e-01	3.524794578600000e+00
8.097119331400000e-01	3.524798870100000e+00
8.112903237300000e-01	3.524802923200000e+00
8.128687143300000e-01	3.524807214700000e+00
8.144471049300001e-01	3.524811029400000e+00
8.160254955300000e-01	3.524815082600000e+00
8.176038861300000e-01	3.524818897200000e+00
8.191822767300000e-01	3.524822711900000e+00
8.207606077200000e-01	3.524826288200000e+00
8.223389983200000e-01	3.524829864500000e+00
8.239173889200000e-01	3.524833440800000e+00
8.254957795100000e-01	3.524836778600000e+00
8.270741701100000e-01	3.524840116500000e+00
8.286525607100000e-01	3.524843454400000e+00
8.302309513100000e-01	3.524846792200000e+00
8.318093419100000e-01	3.524849891700000e+00
8.333877325100000e-01	3.524852991100000e+00
8.349661231000000e-01	3.524855852100000e+00
8.365445137000000e-01	3.524858713200000e+00
8.381229043000000e-01	3.524861574200000e+00
8.397012352900000e-01	3.524864435200000e+00
8.412796258900000e-01	3.524867296200000e+00
8.428580164900000e-01	3.524869918800000e+00
8.444364070900000e-01	3.524872541400000e+00
8.460147976900000e-01	3.524875164000000e+00
8.475931882900000e-01	3.524877548200000e+00
8.491715788800001e-01	3.524879932400000e+00
8.507499694800000e-01	3.524882316600000e+00
8.523283600800000e-01	3.524884700800000e+00
8.539067506800000e-01	3.524887085000000e+00
8.554851412800000e-01	3.524889230700000e+00
8.570635318800000e-01	3.524891376500000e+00
8.586419224700000e-01	3.524893522300000e+00
8.602202534700000e-01	3.524895668000000e+00
8.617986440700000e-01	3.524897813800000e+00
8.633770346600000e-01	3.524899721100000e+00
8.649554252600000e-01	3.524901628500000e+00
8.665338158600000e-01	3.524903535800000e+00
8.681122064600000e-01	3.524905443200000e+00
8.696905970600000e-01	3.524907350500000e+00
8.712689876600000e-01	3.524909019500000e+00
8.728473782500000e-01	3.524910926800000e+00
8.744257688500000e-01	3.524912595700000e+00
8.760041594500000e-01	3.524914264700000e+00
8.775825500500000e-01	3.524915695200000e+00
8.791609406499999e-01	3.524917364100000e+00
8.807392716400000e-01	3.524919033100000e+00
8.823176622400000e-01	3.524920463600000e+00
8.838960528399999e-01	3.524921894100000e+00
8.854744434400000e-01	3.524923324600000e+00
8.870528340300000e-01	3.524924755100000e+00
8.886312246300000e-01	3.524926185600000e+00
8.902096152300000e-01	3.524927616100000e+00
8.917880058300000e-01	3.524929046600000e+00
8.933663964300000e-01	3.524930238700000e+00
8.949447870300000e-01	3.524931430800000e+00
8.965231776200000e-01	3.524932861300000e+00
8.981015682200000e-01	3.524934053400000e+00
8.996798992200000e-01	3.524935245500000e+00
9.012582898100000e-01	3.524936437600000e+00
9.028366804100000e-01	3.524937391300000e+00
9.044150710100000e-01	3.524938583400000e+00
9.059934616100001e-01	3.524939537000000e+00
9.075718522100000e-01	3.524940729100000e+00
9.091502428100000e-01	3.524941682800000e+00
9.107286334000000e-01	3.524942874900000e+00
9.123070240000000e-01	3.524943828600000e+00
9.138854145999999e-01	3.524944782300000e+00
9.154638052000000e-01	3.524945735900000e+00
9.170421958000000e-01	3.524946689600000e+00
9.186205864000000e-01	3.524947404900000e+00
9.201989173900000e-01	3.524948358500000e+00
9.217773079900000e-01	3.524949312200000e+00
9.233556985900000e-01	3.524950027500000e+00
9.249340891800000e-01	3.524950981100000e+00
9.265124797800000e-01	3.524951696400000e+00
9.280908703800000e-01	3.524952650100000e+00
9.296692609800000e-01	3.524953365300000e+00
9.312476515800000e-01	3.524954080600000e+00
9.328260421800000e-01	3.524954795800000e+00
9.344044327700000e-01	3.524955511100000e+00
9.359828233700000e-01	3.524956226300000e+00
9.375612139700000e-01	3.524956941600000e+00
9.391396045700000e-01	3.524957656900000e+00
9.407179355600001e-01	3.524958372100000e+00
9.422963261600000e-01	3.524958849000000e+00
9.438747167600000e-01	3.524959564200000e+00
9.454531073600000e-01	3.524960279500000e+00
9.470314979600000e-01	3.524960756300000e+00
9.486098885499999e-01	3.524961471600000e+00
9.501882791500000e-01	3.524961948400000e+00
9.517666697500000e-01	3.524962425200000e+00
9.533450603500000e-01	3.524963140500000e+00
9.549234509500000e-01	3.524963617300000e+00
9.565018415500000e-01	3.524964094200000e+00
9.580802321400000e-01	3.524964571000000e+00
9.596585631400000e-01	3.524965047800000e+00
9.612369537400000e-01	3.524965763100000e+00
9.628153443300000e-01	3.524966239900000e+00
9.643937349300000e-01	3.524966716800000e+00
9.659721255300000e-01	3.524966955200000e+00
9.675505161300000e-01	3.524967432000000e+00
9.691289067300000e-01	3.524967908900000e+00
9.707072973300001e-01	3.524968385700000e+00
9.722856879200000e-01	3.524968862500000e+00
9.738640785200000e-01	3.524969101000000e+00
9.754424691200000e-01	3.524969577800000e+00
9.770208597200000e-01	3.524970054600000e+00
9.785992503199999e-01	3.524970293000000e+00
9.801775813100000e-01	3.524970769900000e+00
9.817559719100000e-01	3.524971246700000e+00
9.833343625099999e-01	3.524971485100000e+00
9.849127531100000e-01	3.524971962000000e+00
9.864911437000000e-01	3.524972200400000e+00
9.880695343000000e-01	3.524972438800000e+00
9.896479249000000e-01	3.524972915600000e+00
9.912263155000000e-01	3.524973154100000e+00
9.928047061000000e-01	3.524973392500000e+00
9.943830966900000e-01	3.524973869300000e+00
9.959614872900000e-01	3.524974107700000e+00
9.975398778900000e-01	3.524974346200000e+00
9.991182684900000e-01	3.524974584600000e+00
1.000696539900000e+00	3.524975061400000e+00
1.002274990100000e+00	3.524975299800000e+00
1.003853321100000e+00	3.524975538300000e+00
1.005431771300000e+00	3.524975776700000e+00
1.007010102300000e+00	3.524976015100000e+00
1.008588552500000e+00	3.524976253500000e+00
1.010166883500000e+00	3.524976491900000e+00
1.011745333700000e+00	3.524976730300000e+00
1.013323664700000e+00	3.524976968800000e+00
1.014902114900000e+00	3.524977207200000e+00
1.016480445900000e+00	3.524977445600000e+00
1.018058896100000e+00	3.524977684000000e+00
1.019637227100000e+00	3.524977922400000e+00
1.021215558100000e+00	3.524978160900000e+00
1.022794008300000e+00	3.524978399300000e+00
1.024372339200000e+00	3.524978399300000e+00
1.025950789500000e+00	3.524978637700000e+00
1.027529120400000e+00	3.524978876100000e+00
1.029107570600000e+00	3.524979114500000e+00
1.030685901600000e+00	3.524979353000000e+00
1.032264351800000e+00	3.524979353000000e+00
1.033842682800000e+00	3.524979591400000e+00
1.035421133000000e+00	3.524979829800000e+00
1.036999464000000e+00	3.524979829800000e+00
1.038577914200000e+00	3.524980068200000e+00
1.040156245200000e+00	3.524980306600000e+00
1.041734576200000e+00	3.524980306600000e+00
1.043313026400000e+00	3.524980545000000e+00
1.044891357400000e+00	3.524980783500000e+00
1.046469807600000e+00	3.524980783500000e+00
1.048048138600000e+00	3.524981021900000e+00
1.049626588800000e+00	3.524981260300000e+00
1.051204919800000e+00	3.524981260300000e+00
1.052783370000000e+00	3.524981498700000e+00
1.054361701000000e+00	3.524981498700000e+00
1.055940151200000e+00	3.524981737100000e+00
1.057518482200000e+00	3.524981737100000e+00
1.059096932400000e+00	3.524981975600000e+00
1.060675263400000e+00	3.524981975600000e+00
1.062253594400000e+00	3.524982214000000e+00
1.063832044600000e+00	3.524982214000000e+00
1.065410375600000e+00	3.524982452400000e+00
1.066988825800000e+00	3.524982452400000e+00
1.068567156800000e+00	3.524982690800000e+00
1.070145607000000e+00	3.524982690800000e+00
1.071723938000000e+00	3.524982690800000e+00
1.073302388200000e+00	3.524982929200000e+00
1.074880719200000e+00	3.524982929200000e+00
1.076459169400000e+00	3.524983167600000e+00
1.078037500400000e+00	3.524983167600000e+00
1.079615831400000e+00	3.524983167600000e+00
1.081194281600000e+00	3.524983406100000e+00
1.082772612600000e+00	3.524983406100000e+00
1.084351062800000e+00	3.524983644500000e+00
1.085929393800000e+00	3.524983644500000e+00
1.087507844000000e+00	3.524983644500000e+00
1.089086175000000e+00	3.524983882900000e+00
1.090664625200000e+00	3.524983882900000e+00
1.092242956200000e+00	3.524899005900000e+00
1.093821406400000e+00	3.524657726300000e+00
1.095399737400000e+00	3.524193525300000e+00
1.096978187600000e+00	3.523435592700000e+00
1.098556518600000e+00	3.522306442300000e+00
1.100134849500000e+00	3.520718097700000e+00
1.101713299800000e+00	3.518566131600000e+00
1.103291630700000e+00	3.515722036400000e+00
1.104870080900000e+00	3.512021303200000e+00
1.106448411900000e+00	3.507294416400000e+00
1.108026862100000e+00	3.501485347700000e+00
1.109605193100000e+00	3.494481802000000e+00
1.111183643300000e+00	3.486150503200000e+00
1.112761974300000e+00	3.476334571800000e+00
1.114340424500000e+00	3.464848756800000e+00
1.115918755500000e+00	3.451475381900000e+00
1.117497205700000e+00	3.435961484900000e+00
1.119075536700000e+00	3.418018817900000e+00
1.120653867700000e+00	3.397328376800000e+00
1.122232317900000e+00	3.373556613900000e+00
1.123810648900000e+00	3.346384286900000e+00
1.125389099100000e+00	3.315557241400000e+00
1.126967430100000e+00	3.280950069400000e+00
1.128545880300000e+00	3.242632627500000e+00
1.130124211300000e+00	3.200903654100000e+00
1.131702661500000e+00	3.156270742400000e+00
1.133280992500000e+00	3.109368085900000e+00
1.134859442700000e+00	3.060853004500000e+00
1.136437773700000e+00	3.011317491500000e+00
1.138016223900000e+00	2.961243391000000e+00
1.139594554900000e+00	2.910993576000000e+00
1.141172885900000e+00	2.860828161200000e+00
1.142751336100000e+00	2.810926437400000e+00
1.144329667100000e+00	2.761408805800000e+00
1.145908117300000e+00	2.712354898500000e+00
1.147486448300000e+00	2.663815975200000e+00
1.149064898500000e+00	2.615825176200000e+00
1.150643229500000e+00	2.568402767200000e+00
1.152221679700000e+00	2.521561861000000e+00
1.153800010700000e+00	2.475309371900000e+00
1.155378460900000e+00	2.429649353000000e+00
1.156956791900000e+00	2.384583950000000e+00
1.158535242100000e+00	2.340113163000000e+00
1.160113573100000e+00	2.296236515000000e+00
1.161691904100000e+00	2.252952575700000e+00
1.163270354300000e+00	2.210259914400000e+00
1.164848685300000e+00	2.168156385400000e+00
1.166427135500000e+00	2.126639604600000e+00
1.168005466500000e+00	2.085707187700000e+00
1.169583916700000e+00	2.045356512100000e+00
1.171162247700000e+00	2.005584716800000e+00
1.172740697900000e+00	1.966388940800000e+00
1.174319028900000e+00	1.927766084700000e+00
1.175897479100000e+00	1.889712929700000e+00
1.177475810100000e+00	1.852226138100000e+00
1.179054260300000e+00	1.815302610400000e+00
1.180632591200000e+00	1.778938531900000e+00
1.182210922200000e+00	1.743130445500000e+00
1.183789372400000e+00	1.707874774900000e+00
1.185367703400000e+00	1.673167467100000e+00
1.186946153600000e+00	1.639004826500000e+00
1.188524484600000e+00	1.605382800100000e+00
1.190102934800000e+00	1.572297334700000e+00
1.191681265800000e+00	1.539744257900000e+00
1.193259716000000e+00	1.507719397500000e+00
1.194838047000000e+00	1.476218342800000e+00
1.196416497200000e+00	1.445236802100000e+00
1.197994828200000e+00	1.414770245600000e+00
1.199573159200000e+00	1.384814024000000e+00
1.201151609400000e+00	1.355363607400000e+00
1.202729940400000e+00	1.326414346700000e+00
1.204308390600000e+00	1.297961473500000e+00
1.205886721600000e+00	1.270000100100000e+00
1.207465171800000e+00	1.242525458300000e+00
1.209043502800000e+00	1.215532660500000e+00
1.210621953000000e+00	1.189016580600000e+00
1.212200284000000e+00	1.162972331000000e+00
1.213778734200000e+00	1.137394785900000e+00
1.215357065200000e+00	1.112278819100000e+00
1.216935515400000e+00	1.087619423900000e+00
1.218513846400000e+00	1.063411116600000e+00
1.220092177400000e+00	1.039649009700000e+00
1.221670627600000e+00	1.016327619600000e+00
1.223248958600000e+00	9.934418201400000e-01
1.224827408800000e+00	9.709861874600000e-01
1.226405739800000e+00	9.489554166800001e-01
1.227984190000000e+00	9.273442626000000e-01
1.229562521000000e+00	9.061472415900000e-01
1.231140971200000e+00	8.853589892400000e-01
1.232719302200000e+00	8.649742603300000e-01
1.234297752400000e+00	8.449875116300000e-01
1.235876083400000e+00	8.253933787300000e-01
1.237454533600000e+00	8.061865568200000e-01
1.239032864600000e+00	7.873615622500000e-01
1.240611195600000e+00	7.689129710200000e-01
1.242189645800000e+00	7.508354783100000e-01
1.243767976800000e+00	7.331236600900000e-01
1.245346427000000e+00	7.157721519500000e-01
1.246924758000000e+00	6.987755894700000e-01
1.248503208200000e+00	6.821286678300000e-01
1.250081539200000e+00	6.658260226200000e-01
1.251659989400000e+00	6.498622894300000e-01
1.253238320400000e+00	6.342323422400000e-01
1.254816770600000e+00	6.189307570500000e-01
1.256395101500000e+00	6.039524078400000e-01
1.257973551800000e+00	5.892920494100000e-01
1.259551882700000e+00	5.749444961500000e-01
1.261130213700000e+00	5.609046220800000e-01
1.262708663900000e+00	5.471673011800000e-01
1.264286994900000e+00	5.337274670600000e-01
1.265865445100000e+00	5.205800533300000e-01
1.267443776100000e+00	5.077200532000000e-01
1.269022226300000e+00	4.951425790800000e-01
1.270600557300000e+00	4.828426241900000e-01
1.272179007500000e+00	4.708153307400000e-01
1.273757338500000e+00	4.590558707700000e-01
1.275335788700000e+00	4.475594461000000e-01
1.276914119700000e+00	4.363212883500000e-01
1.278492569900000e+00	4.253367185600000e-01
1.280070900900000e+00	4.146010875700000e-01
1.281649231900000e+00	4.041097462200000e-01
1.283227682100000e+00	3.938581943500000e-01
1.284806013100000e+00	3.838418722200000e-01
1.286384463300000e+00	3.740563690700000e-01
1.287962794300000e+00	3.644972741600000e-01
1.289541244500000e+00	3.551602065600000e-01
1.291119575500000e+00	3.460408747200000e-01
1.292698025700000e+00	3.371350467200000e-01
1.294276356700000e+00	3.284385502300000e-01
1.295854806900000e+00	3.199471831300000e-01
1.297433137900000e+00	3.116569221000000e-01
1.299011588100000e+00	3.035636842300000e-01
1.300589919100000e+00	2.956635654000000e-01
1.302168250100000e+00	2.879525721100000e-01
1.303746700300000e+00	2.804268598600000e-01
1.305325031300000e+00	2.730826735500000e-01
1.306903481500000e+00	2.659161984900000e-01
1.308481812500000e+00	2.589237391900000e-01
1.310060262700000e+00	2.521016597700000e-01
1.311638593700000e+00	2.454464286600000e-01
1.313217043900000e+00	2.389544248600000e-01
1.314795374900000e+00	2.326222360100000e-01
1.316373825100000e+00	2.264464050500000e-01
1.317952156100000e+00	2.204235792200000e-01
1.319530487100000e+00	2.145504355400000e-01
1.321108937300000e+00	2.088237255800000e-01
1.322687268300000e+00	2.032402604800000e-01
1.324265718500000e+00	1.977968663000000e-01
1.325844049500000e+00	1.924904435900000e-01
1.327422499700000e+00	1.873179674100000e-01
1.329000830700000e+00	1.822764426500000e-01
1.330579280900000e+00	1.773629337500000e-01
1.332157611800000e+00	1.725745350100000e-01
1.333736062000000e+00	1.679084450000000e-01
1.335314393000000e+00	1.633618474000000e-01
1.336892843200000e+00	1.589320302000000e-01
1.338471174200000e+00	1.546163111900000e-01
1.340049505200000e+00	1.504120677700000e-01
1.341627955400000e+00	1.463166773300000e-01
1.343206286400000e+00	1.423276513800000e-01
1.344784736600000e+00	1.384424865200000e-01
1.346363067600000e+00	1.346587389700000e-01
1.347941517800000e+00	1.309740245300000e-01
1.349519848800000e+00	1.273859888300000e-01
1.351098299000000e+00	1.238923594400000e-01
1.352676630000000e+00	1.204908564700000e-01
1.354255080200000e+00	1.171792894600000e-01
1.355833411200000e+00	1.139554902900000e-01
1.357411861400000e+00	1.108173355500000e-01
1.358990192400000e+00	1.077627539600000e-01
1.360568523400000e+00	1.047897189900000e-01
1.362146973600000e+00	1.018962338600000e-01
1.363725304600000e+00	9.908033907400000e-02
1.365303754800000e+00	9.634014219000001e-02
1.366882085800000e+00	9.367376565900000e-02
1.368460536000000e+00	9.107939153899999e-02
1.370038867000000e+00	8.855520933900000e-02
1.371617317200000e+00	8.609949052300001e-02
1.373195648200000e+00	8.371050655800000e-02
1.374774098400000e+00	8.138658851400001e-02
1.376352429400000e+00	7.912609726200000e-02
1.377930879600000e+00	7.692743092800000e-02
1.379509210600000e+00	7.478901743900000e-02
1.381087541600000e+00	7.270932197600000e-02
1.382665991800000e+00	7.068685442200000e-02
1.384244322800000e+00	6.872013956299999e-02
1.385822773000000e+00	6.680776178800001e-02
1.387401104000000e+00	6.494830548800000e-02
1.388979554200000e+00	6.314041465500000e-02
1.390557885200000e+00	6.138274818700000e-02
1.392136335400000e+00	5.967400223000000e-02
1.393714666400000e+00	5.801290273700000e-02
1.395293116600000e+00	5.639820545900000e-02
1.396871447600000e+00	5.482869222800000e-02
1.398449897800000e+00	5.330318212500000e-02
1.400028228800000e+00	5.182050913600000e-02
1.401606559800000e+00	5.037954822200000e-02
1.403185010000000e+00	4.897919297200000e-02
1.404763341000000e+00	4.761835932700000e-02
1.406341791200000e+00	4.629600420600000e-02
1.407920122100000e+00	4.501109570300000e-02
1.409498572300000e+00	4.376263544000000e-02
1.411076903300000e+00	4.254964366600000e-02
1.412655353500000e+00	4.137116670600000e-02
1.414233684500000e+00	4.022627696400000e-02
1.415812134700000e+00	3.911406546800000e-02
1.417390465700000e+00	3.803364560000000e-02
1.418968915900000e+00	3.698416054200000e-02
1.420547246900000e+00	3.596476838000000e-02
1.422125577900000e+00	3.497464209800000e-02
1.423704028100000e+00	3.401298821000000e-02
1.425282359100000e+00	3.307902813000000e-02
1.426860809300000e+00	3.217199817300000e-02
1.428439140300000e+00	3.129116073300000e-02
1.430017590500000e+00	3.043579496400000e-02
1.431595921500000e+00	2.960519492600000e-02
1.433174371700000e+00	2.879867702700000e-02
1.434752702700000e+00	2.801557630300000e-02
1.436331152900000e+00	2.725523896500000e-02
1.437909483900000e+00	2.651703357700000e-02
1.439487814900000e+00	2.580034174000000e-02
1.441066265100000e+00	2.510456554600000e-02
1.442644596100000e+00	2.442911826100000e-02
1.444223046300000e+00	2.377342805300000e-02
1.445801377300000e+00	2.313694357900000e-02
1.447379827500000e+00	2.251912280900000e-02
1.448958158500000e+00	2.191944047800000e-02
1.450536608700000e+00	2.133738249500000e-02
1.452114939700000e+00	2.077245339800000e-02
1.453693389900000e+00	2.022416703400000e-02
1.455271720900000e+00	1.969205029300000e-02
1.456850171100000e+00	1.917564310100000e-02
1.458428502100000e+00	1.867450028700000e-02
1.460006833100000e+00	1.818818599000000e-02
1.461585283300000e+00	1.771627552800000e-02
1.463163614300000e+00	1.725835911900000e-02
1.464742064500000e+00	1.681403443200000e-02
1.466320395500000e+00	1.638291217400000e-02
1.467898845700000e+00	1.596461050200000e-02
1.469477176700000e+00	1.555876527000000e-02
1.471055626900000e+00	1.516501419200000e-02
1.472633957900000e+00	1.478300802400000e-02
1.474212408100000e+00	1.441240962600000e-02
1.475790739100000e+00	1.405288651600000e-02
1.477369189300000e+00	1.370411831900000e-02
1.478947520300000e+00	1.336579397300000e-02
1.480525851200000e+00	1.303760986800000e-02
1.482104301500000e+00	1.271926984200000e-02
1.483682632400000e+00	1.241048704800000e-02
1.485261082600000e+00	1.211098395300000e-02
1.486839413600000e+00	1.182048860900000e-02
1.488417863800000e+00	1.153873745400000e-02
1.489996194800000e+00	1.126547437200000e-02
1.491574645000000e+00	1.100045163200000e-02
1.493152976000000e+00	1.074342522800000e-02
1.494731426200000e+00	1.049416232900000e-02
1.496309757200000e+00	1.025243289800000e-02
1.497888207400000e+00	1.001801528000000e-02
1.499466538400000e+00	9.790694341100000e-03
1.501044869400000e+00	9.790694341100000e-03
